anisole                                         Wed Mar Mon Oct  1 06:28:24 2018
   8   12    5    0     5.8296E-04     1.0000E+05     1.0000E+00 1.0000000000
a   1  1  0  50  0  1  1  1  1  -1   0
        10000   6.379794351551668E+02 1.00000000E+04 
        20000   4.845676889427617E+02 1.00000000E+04 
        30000   3.074056464151482E+02 1.00000000E+04 
          200  -9.483341486844427E-48 1.00000000E-25 
         1100  -2.461643002869778E-47 1.00000000E-25 
         2000  -4.295820738840251E-50 1.00000000E-25 
        40100   1.073320523481724E-44 1.00000000E-25 
        41000   7.660867194627590E-49 1.00000000E-25 
