anisole                                         Wed Mar Mon Oct  1 06:28:25 2018
   8   12    5    0     0.0000E+00     1.0000E+05     1.0000E+00 1.0000000000
a   1  1  0  50  0  1  1  1  1  -1   0
        10000   2.484294238769168E+03 1.00000000E+04 
        20000   3.750337295868834E+02 1.00000000E+04 
        30000   2.897452715923201E+02 1.00000000E+04 
          200   0.000000000000000E+00 1.00000000E-25 
         1100  -6.699232950257143E-47 1.00000000E-25 
         2000   0.000000000000000E+00 1.00000000E-25 
        40100  -3.471368885371673E-44 1.00000000E-25 
        41000   0.000000000000000E+00 1.00000000E-25 
