anisole                                         Wed Mar Mon Oct  1 06:28:26 2018
   8   12    5    0     1.5170E-05     1.0000E+05     1.0000E+00 1.0000000000
a   1  1  0  50  0  1  1  1  1  -1   0
        10000   5.290828321198073E+02 1.00000000E+04 
        20000   5.721427089073766E+02 1.00000000E+04 
        30000   3.022679776765452E+02 1.00000000E+04 
          200  -3.855134174686447E-49 1.00000000E-25 
         1100  -4.424323460521934E-47 1.00000000E-25 
         2000  -3.066837509774501E-51 1.00000000E-25 
        40100   1.882836091151093E-44 1.00000000E-25 
        41000   4.130808032935266E-50 1.00000000E-25 
