anisole                                         Wed Mar Mon Oct  1 06:28:26 2018
   8   12    5    0     8.0886E-06     1.0000E+05     1.0000E+00 1.0000000000
a   1  1  0  50  0  1  1  1  1  -1   0
        10000   5.787963563915873E+02 1.00000000E+04 
        20000   4.366105769062394E+02 1.00000000E+04 
        30000   3.044554618411906E+02 1.00000000E+04 
          200   3.085622661825245E-49 1.00000000E-25 
         1100  -5.971426818924776E-47 1.00000000E-25 
         2000   4.854821635308373E-51 1.00000000E-25 
        40100   2.536981587100639E-44 1.00000000E-25 
        41000  -4.532131658967344E-50 1.00000000E-25 
