anisole                                         Wed Mar Mon Oct  1 06:28:25 2018
   8   12    5    0     8.5059E-05     1.0000E+05     1.0000E+00 1.0000000000
a   1  1  0  50  0  1  1  1  1  -1   0
        10000   5.731371175232900E+02 1.00000000E+04 
        20000   5.219152160659969E+02 1.00000000E+04 
        30000   3.068734875442729E+02 1.00000000E+04 
          200  -1.826965248255250E-48 1.00000000E-25 
         1100  -3.388795519822076E-47 1.00000000E-25 
         2000  -1.109420174109407E-50 1.00000000E-25 
        40100   1.451319942220126E-44 1.00000000E-25 
        41000   1.714303519139660E-49 1.00000000E-25 
