anisole                                         Wed Mar Mon Oct  1 06:28:26 2018
   8   12    5    0     6.9249E-02     1.0000E+05     1.0000E+00 1.0000000000
a   1  1  0  50  0  1  1  1  1  -1   0
        10000   7.809190182641369E+02 1.00000000E+04 
        20000   2.991637530603722E+02 1.00000000E+04 
        30000   3.110074509492439E+02 1.00000000E+04 
          200  -3.315967304359548E-46 1.00000000E-25 
         1100  -2.763242955467688E-47 1.00000000E-25 
         2000  -1.925465162408738E-50 1.00000000E-25 
        40100  -3.264810095060870E-44 1.00000000E-25 
        41000  -3.300967238386428E-48 1.00000000E-25 
