anisole                                         Wed Mar Mon Oct  1 06:28:25 2018
   8   12    5    0     0.0000E+00     1.0000E+05     1.0000E+00 1.0000000000
a   1  1  0  50  0  1  1  1  1  -1   0
        10000   3.140530044061015E+03 1.00000000E+04 
        20000   3.673028900835947E+02 1.00000000E+04 
        30000   2.917617984353689E+02 1.00000000E+04 
          200   0.000000000000000E+00 1.00000000E-25 
         1100  -2.385462744901648E-46 1.00000000E-25 
         2000   0.000000000000000E+00 1.00000000E-25 
        40100  -5.786768872650692E-44 1.00000000E-25 
        41000   0.000000000000000E+00 1.00000000E-25 
