anisole                                         Wed Mar Mon Oct  1 06:28:23 2018
   8   12    5    0     0.0000E+00     1.0000E+05     1.0000E+00 1.0000000000
a   1  1  0  50  0  1  1  1  1  -1   0
        10000   1.268707171428390E+03 1.00000000E+04 
        20000   4.214016476172898E+02 1.00000000E+04 
        30000   2.860052920033964E+02 1.00000000E+04 
          200   0.000000000000000E+00 1.00000000E-25 
         1100  -7.895967060598763E-48 1.00000000E-25 
         2000   0.000000000000000E+00 1.00000000E-25 
        40100   3.170175859231083E-45 1.00000000E-25 
        41000   0.000000000000000E+00 1.00000000E-25 
