anisole                                         Wed Mar Mon Oct  1 06:28:25 2018
   8   12    5    0     0.0000E+00     1.0000E+05     1.0000E+00 1.0000000000
a   1  1  0  50  0  1  1  1  1  -1   0
        10000   4.570266055666833E+03 1.00000000E+04 
        20000   3.615260062515911E+02 1.00000000E+04 
        30000   2.969265168589794E+02 1.00000000E+04 
          200   0.000000000000000E+00 1.00000000E-25 
         1100  -4.407468116047005E-46 1.00000000E-25 
         2000   0.000000000000000E+00 1.00000000E-25 
        40100  -8.500359116826040E-44 1.00000000E-25 
        41000   0.000000000000000E+00 1.00000000E-25 
