anisole                                         Wed Mar Sun Sep 30 06:04:56 2018
   8   12    5    0     1.5540E-04     1.0000E+05     1.0000E+00 1.0000000000
a   1  1  0  50  0  1  1  1  1  -1   0
        10000   5.295548887235733E+02 1.00000000E+04 
        20000   3.943105657309035E+02 1.00000000E+04 
        30000   3.215711545616391E+02 1.00000000E+04 
          200  -4.470967273468040E-45 1.00000000E-25 
         1100  -1.946789037113784E-46 1.00000000E-25 
         2000  -1.431697205839536E-47 1.00000000E-25 
        40100   7.361823409562306E-45 1.00000000E-25 
        41000   2.968144460722836E-46 1.00000000E-25 
