anisole                                         Wed Mar Sun Sep 30 06:04:54 2018
   8   12    5    0     9.2517E-04     1.0000E+05     1.0000E+00 1.0000000000
a   1  1  0  50  0  1  1  1  1  -1   0
        10000   6.930997058210169E+02 1.00000000E+04 
        20000   4.679045927737540E+02 1.00000000E+04 
        30000   3.052696692890119E+02 1.00000000E+04 
          200   0.000000000000000E+00 1.00000000E-25 
         1100  -2.766983292705595E-47 1.00000000E-25 
         2000   0.000000000000000E+00 1.00000000E-25 
        40100   1.168161818448167E-44 1.00000000E-25 
        41000   0.000000000000000E+00 1.00000000E-25 
