anisole                                         Wed Mar Sun Sep 30 06:04:55 2018
   8   12    5    0     0.0000E+00     1.0000E+05     1.0000E+00 1.0000000000
a   1  1  0  50  0  1  1  1  1  -1   0
        10000   1.768388673936289E+03 1.00000000E+04 
        20000   3.487595063469549E+02 1.00000000E+04 
        30000   3.079924466151487E+02 1.00000000E+04 
          200   0.000000000000000E+00 1.00000000E-25 
         1100  -1.216650486162182E-46 1.00000000E-25 
         2000   0.000000000000000E+00 1.00000000E-25 
        40100  -1.866336919581588E-44 1.00000000E-25 
        41000   0.000000000000000E+00 1.00000000E-25 
