anisole                                         Wed Mar Sun Sep 30 06:04:57 2018
   8   12    5    0     1.6406E-05     1.0000E+05     1.0000E+00 1.0000000000
a   1  1  0  50  0  1  1  1  1  -1   0
        10000   5.014109740916890E+02 1.00000000E+04 
        20000   5.416344548927775E+02 1.00000000E+04 
        30000   3.061693817965209E+02 1.00000000E+04 
          200  -4.636391185327865E-49 1.00000000E-25 
         1100  -3.884803833952866E-47 1.00000000E-25 
         2000  -3.655017390888746E-51 1.00000000E-25 
        40100   1.650853204285756E-44 1.00000000E-25 
        41000   4.946156209884049E-50 1.00000000E-25 
