anisole                                         Wed Mar Sun Sep 30 06:04:56 2018
   8   12    5    0     3.7434E-07     1.0000E+05     1.0000E+00 1.0000000000
a   1  1  0  50  0  1  1  1  1  -1   0
        10000   3.865640664693358E+02 1.00000000E+04 
        20000   4.053499103156321E+02 1.00000000E+04 
        30000   3.246619563814658E+02 1.00000000E+04 
          200  -2.129712496982025E-51 1.00000000E-25 
         1100   4.735014382362022E-48 1.00000000E-25 
         2000  -2.169588516188728E-53 1.00000000E-25 
        40100  -1.985814801830565E-45 1.00000000E-25 
        41000   2.567283375516330E-52 1.00000000E-25 
