anisole                                         Wed Mar Sun Sep 30 06:04:57 2018
   8   12    5    0     7.2346E-04     1.0000E+05     1.0000E+00 1.0000000000
a   1  1  0  50  0  1  1  1  1  -1   0
        10000   6.559680574313689E+02 1.00000000E+04 
        20000   4.815996150674792E+02 1.00000000E+04 
        30000   3.035085544657582E+02 1.00000000E+04 
          200  -1.100266820755422E-47 1.00000000E-25 
         1100  -2.330564092232733E-47 1.00000000E-25 
         2000  -4.743832550398774E-50 1.00000000E-25 
        40100   1.027116007493942E-44 1.00000000E-25 
        41000   8.658412618856595E-49 1.00000000E-25 
