anisole                                         Wed Mar Sun Sep 30 06:04:57 2018
   8   12    5    0     3.4720E-05     1.0000E+05     1.0000E+00 1.0000000000
a   1  1  0  50  0  1  1  1  1  -1   0
        10000   4.555025766885789E+02 1.00000000E+04 
        20000   6.000629974919727E+02 1.00000000E+04 
        30000   2.985727524077525E+02 1.00000000E+04 
          200  -1.438304445286298E-46 1.00000000E-25 
         1100  -2.274215332727983E-47 1.00000000E-25 
         2000  -4.440941448634965E-49 1.00000000E-25 
        40100   1.084186192967055E-44 1.00000000E-25 
        41000   9.304766718988147E-48 1.00000000E-25 
