anisole                                         Wed Mar Sun Sep 30 06:04:56 2018
   8   12    5    0     0.0000E+00     1.0000E+05     1.0000E+00 1.0000000000
a   1  1  0  50  0  1  1  1  1  -1   0
        10000   6.775987283387220E+02 1.00000000E+04 
        20000   3.860902672801885E+02 1.00000000E+04 
        30000   3.053177284258885E+02 1.00000000E+04 
          200   0.000000000000000E+00 1.00000000E-25 
         1100   7.212293333665185E-48 1.00000000E-25 
         2000   0.000000000000000E+00 1.00000000E-25 
        40100   2.490337487721896E-45 1.00000000E-25 
        41000   0.000000000000000E+00 1.00000000E-25 
