anisole                                         Wed Mar Sun Sep 30 06:04:57 2018
   8   12    5    0     1.0651E-04     1.0000E+05     1.0000E+00 1.0000000000
a   1  1  0  50  0  1  1  1  1  -1   0
        10000   5.487584570017206E+02 1.00000000E+04 
        20000   4.885574449291993E+02 1.00000000E+04 
        30000   3.100908842925273E+02 1.00000000E+04 
          200  -2.240014363397965E-48 1.00000000E-25 
         1100  -2.947992126416869E-47 1.00000000E-25 
         2000  -1.376051742058171E-50 1.00000000E-25 
        40100   1.249471615963241E-44 1.00000000E-25 
        41000   2.114035068639354E-49 1.00000000E-25 
