anisole                                         Wed Mar Sun Sep 30 06:04:56 2018
   8   12    5    0     1.2010E-06     1.0000E+05     1.0000E+00 1.0000000000
a   1  1  0  50  0  1  1  1  1  -1   0
        10000   5.231887936337268E+02 1.00000000E+04 
        20000   5.146105338493952E+02 1.00000000E+04 
        30000   3.052073881313355E+02 1.00000000E+04 
          200   0.000000000000000E+00 1.00000000E-25 
         1100  -4.727917321537923E-47 1.00000000E-25 
         2000   0.000000000000000E+00 1.00000000E-25 
        40100   1.996026687389170E-44 1.00000000E-25 
        41000   0.000000000000000E+00 1.00000000E-25 
