anisole                                         Wed Mar Sun Sep 30 06:04:57 2018
   8   12    5    0     8.3426E-02     1.0000E+05     1.0000E+00 1.0000000000
a   1  1  0  50  0  1  1  1  1  -1   0
        10000   3.792645801986072E+03 1.00000000E+04 
        20000   3.380029771308567E+02 1.00000000E+04 
        30000   2.951583458910619E+02 1.00000000E+04 
          200   1.491319681159788E-45 1.00000000E-25 
         1100  -3.411228357417658E-46 1.00000000E-25 
         2000   4.413275706703536E-50 1.00000000E-25 
        40100  -8.049770962551743E-44 1.00000000E-25 
        41000   1.085790053876446E-47 1.00000000E-25 
