anisole                                         Wed Mar Mon Oct  1 02:10:51 2018
   8   12    5    0     0.0000E+00     1.0000E+05     1.0000E+00 1.0000000000
a   1  1  0  50  0  1  1  1  1  -1   0
        10000   6.801844320090108E+02 1.00000000E+04 
        20000   3.285761338792130E+02 1.00000000E+04 
        30000   2.947591202392121E+02 1.00000000E+04 
          200  -1.252893086622011E-45 1.00000000E-25 
         1100  -3.397696799950977E-46 1.00000000E-25 
         2000  -2.112111309789750E-49 1.00000000E-25 
        40100  -1.372864221799279E-43 1.00000000E-25 
        41000  -1.985260608277940E-47 1.00000000E-25 
