anisole                                         Wed Mar Mon Oct  1 02:09:14 2018
   8   12    5    0     1.1039E-06     1.0000E+05     1.0000E+00 1.0000000000
a   1  1  0  50  0  1  1  1  1  -1   0
        10000   5.203949578697610E+02 1.00000000E+04 
        20000   4.028676814145359E+02 1.00000000E+04 
        30000   3.137536904367687E+02 1.00000000E+04 
          200   1.463164802892683E-50 1.00000000E-25 
         1100  -1.357875716808213E-47 1.00000000E-25 
         2000   2.531251518459743E-52 1.00000000E-25 
        40100   5.787064053196473E-45 1.00000000E-25 
        41000  -2.307016992336707E-51 1.00000000E-25 
