anisole                                         Wed Mar Mon Oct  1 02:10:54 2018
   8   12    5    0     0.0000E+00     1.0000E+05     1.0000E+00 1.0000000000
a   1  1  0  50  0  1  1  1  1  -1   0
        10000   3.753547314028955E+03 1.00000000E+04 
        20000   3.572830614187857E+02 1.00000000E+04 
        30000   2.927291628505137E+02 1.00000000E+04 
          200   0.000000000000000E+00 1.00000000E-25 
         1100  -2.406752181491283E-46 1.00000000E-25 
         2000   0.000000000000000E+00 1.00000000E-25 
        40100  -5.564747898767309E-44 1.00000000E-25 
        41000   0.000000000000000E+00 1.00000000E-25 
