anisole                                         Wed Mar Mon Oct  1 02:07:49 2018
   8   12    5    0     8.7774E-06     1.0000E+05     1.0000E+00 1.0000000000
a   1  1  0  50  0  1  1  1  1  -1   0
        10000   4.594130585904753E+02 1.00000000E+04 
        20000   5.443835082799744E+02 1.00000000E+04 
        30000   3.067086236219175E+02 1.00000000E+04 
          200  -2.861774108821857E-49 1.00000000E-25 
         1100  -3.986023273053209E-47 1.00000000E-25 
         2000  -2.610563681594096E-51 1.00000000E-25 
        40100   1.689311876466684E-44 1.00000000E-25 
        41000   3.274506394035172E-50 1.00000000E-25 
