anisole                                         Wed Mar Mon Oct  1 02:09:26 2018
   8   12    5    0     1.1872E-05     1.0000E+05     1.0000E+00 1.0000000000
a   1  1  0  50  0  1  1  1  1  -1   0
        10000   7.048520302198980E+02 1.00000000E+04 
        20000   3.580260373383762E+02 1.00000000E+04 
        30000   2.963115156103716E+02 1.00000000E+04 
          200  -1.144711494159860E-46 1.00000000E-25 
         1100  -2.317355993746268E-47 1.00000000E-25 
         2000  -4.007776788058840E-49 1.00000000E-25 
        40100   1.331851778089559E-44 1.00000000E-25 
        41000   8.116812521615495E-48 1.00000000E-25 
