anisole                                         Wed Mar Mon Oct  1 02:10:00 2018
   8   12    5    0     3.5616E-06     1.0000E+05     1.0000E+00 1.0000000000
a   1  1  0  50  0  1  1  1  1  -1   0
        10000   5.721353768994439E+02 1.00000000E+04 
        20000   4.209740445768070E+02 1.00000000E+04 
        30000   3.067999722124261E+02 1.00000000E+04 
          200   1.031186668311234E-49 1.00000000E-25 
         1100  -5.124969844990570E-47 1.00000000E-25 
         2000   1.407611112069738E-51 1.00000000E-25 
        40100   2.170368656264171E-44 1.00000000E-25 
        41000  -1.421862172283002E-50 1.00000000E-25 
