anisole                                         Wed Mar Mon Oct  1 02:10:10 2018
   8   12    5    0     0.0000E+00     1.0000E+05     1.0000E+00 1.0000000000
a   1  1  0  50  0  1  1  1  1  -1   0
        10000   5.947342661271549E+03 1.00000000E+04 
        20000   3.414590939793854E+02 1.00000000E+04 
        30000   2.977552205810453E+02 1.00000000E+04 
          200   0.000000000000000E+00 1.00000000E-25 
         1100  -8.793816195135780E-47 1.00000000E-25 
         2000   0.000000000000000E+00 1.00000000E-25 
        40100  -3.178230044059002E-44 1.00000000E-25 
        41000   0.000000000000000E+00 1.00000000E-25 
