anisole                                         Wed Mar Mon Oct  1 02:09:31 2018
   8   12    5    0     0.0000E+00     1.0000E+05     1.0000E+00 1.0000000000
a   1  1  0  50  0  1  1  1  1  -1   0
        10000   6.955515057150967E+02 1.00000000E+04 
        20000   3.150282651112826E+02 1.00000000E+04 
        30000   3.379940076845556E+02 1.00000000E+04 
          200   1.440458585799265E-44 1.00000000E-25 
         1100  -1.349665892439187E-47 1.00000000E-25 
         2000   1.281964094471758E-47 1.00000000E-25 
        40100  -1.071345589725968E-43 1.00000000E-25 
        41000   4.511821056574381E-46 1.00000000E-25 
