anisole                                         Wed Mar Mon Oct  1 02:09:27 2018
   8   12    5    0     4.2937E-06     1.0000E+05     1.0000E+00 1.0000000000
a   1  1  0  50  0  1  1  1  1  -1   0
        10000   6.717153789692098E+02 1.00000000E+04 
        20000   4.767880302276315E+02 1.00000000E+04 
        30000   2.943727339148046E+02 1.00000000E+04 
          200   1.113928779768340E-48 1.00000000E-25 
         1100  -7.758454591266234E-47 1.00000000E-25 
         2000   2.339362127170229E-50 1.00000000E-25 
        40100   3.330839261922381E-44 1.00000000E-25 
        41000  -1.840374774912346E-49 1.00000000E-25 
