anisole                                         Wed Mar Mon Oct  1 02:08:59 2018
   8   12    5    0     1.6990E-05     1.0000E+05     1.0000E+00 1.0000000000
a   1  1  0  50  0  1  1  1  1  -1   0
        10000   5.144130935041102E+02 1.00000000E+04 
        20000   5.507570614612076E+02 1.00000000E+04 
        30000   3.053384986191376E+02 1.00000000E+04 
          200  -4.556306824216257E-49 1.00000000E-25 
         1100  -4.049765756528768E-47 1.00000000E-25 
         2000  -3.561794549845022E-51 1.00000000E-25 
        40100   1.722201625300712E-44 1.00000000E-25 
        41000   4.840951148168462E-50 1.00000000E-25 
