anisole                                         Wed Mar Mon Oct  1 02:10:56 2018
   8   12    5    0     8.8632E-06     1.0000E+05     1.0000E+00 1.0000000000
a   1  1  0  50  0  1  1  1  1  -1   0
        10000   5.756876580686328E+02 1.00000000E+04 
        20000   4.347003484886122E+02 1.00000000E+04 
        30000   3.032882968395626E+02 1.00000000E+04 
          200   3.431210446174056E-49 1.00000000E-25 
         1100  -6.008750861812714E-47 1.00000000E-25 
         2000   5.519219710088606E-51 1.00000000E-25 
        40100   2.554661701433713E-44 1.00000000E-25 
        41000  -5.088899078080206E-50 1.00000000E-25 
