anisole                                         Wed Mar Mon Oct  1 02:09:22 2018
   8   12    5    0     1.4995E-04     1.0000E+05     1.0000E+00 1.0000000000
a   1  1  0  50  0  1  1  1  1  -1   0
        10000   6.057181403048594E+02 1.00000000E+04 
        20000   5.207451353472867E+02 1.00000000E+04 
        30000   3.027428930242742E+02 1.00000000E+04 
          200  -2.868138979909710E-48 1.00000000E-25 
         1100  -3.264495397076797E-47 1.00000000E-25 
         2000  -1.595153013451197E-50 1.00000000E-25 
        40100   1.409197429432077E-44 1.00000000E-25 
        41000   2.575076849120367E-49 1.00000000E-25 
