anisole                                         Wed Mar Mon Oct  1 08:59:11 2018
   8   12    5    0     1.7822E-04     1.0000E+05     1.0000E+00 1.0000000000
a   1  1  0  50  0  1  1  1  1  -1   0
        10000   5.673427459489142E+02 1.00000000E+04 
        20000   4.050297390035967E+02 1.00000000E+04 
        30000   3.211430250061320E+02 1.00000000E+04 
          200  -3.306676705343380E-45 1.00000000E-25 
         1100  -1.453639569094542E-46 1.00000000E-25 
         2000  -1.040130543435649E-47 1.00000000E-25 
        40100   6.593024908084114E-45 1.00000000E-25 
        41000   2.170820516974859E-46 1.00000000E-25 
