anisole                                         Wed Mar Mon Oct  1 08:59:12 2018
   8   12    5    0     9.4512E-02     1.0000E+05     1.0000E+00 1.0000000000
a   1  1  0  50  0  1  1  1  1  -1   0
        10000   1.160163763418644E+03 1.00000000E+04 
        20000   3.129276271020885E+02 1.00000000E+04 
        30000   3.159045671987290E+02 1.00000000E+04 
          200   0.000000000000000E+00 1.00000000E-25 
         1100   2.684080649798389E-47 1.00000000E-25 
         2000   0.000000000000000E+00 1.00000000E-25 
        40100   5.218731079832140E-45 1.00000000E-25 
        41000   0.000000000000000E+00 1.00000000E-25 
