anisole                                         Wed Mar Mon Oct  1 08:59:14 2018
   8   12    5    0     3.8273E-06     1.0000E+05     1.0000E+00 1.0000000000
a   1  1  0  50  0  1  1  1  1  -1   0
        10000   4.549818592559248E+02 1.00000000E+04 
        20000   5.865138961984443E+02 1.00000000E+04 
        30000   3.064664690249281E+02 1.00000000E+04 
          200  -1.226882089463358E-49 1.00000000E-25 
         1100  -4.801356729693331E-47 1.00000000E-25 
         2000  -1.304064259730848E-51 1.00000000E-25 
        40100   2.031415079874336E-44 1.00000000E-25 
        41000   1.508597168430836E-50 1.00000000E-25 
