anisole                                         Wed Mar Mon Oct  1 08:59:16 2018
   8   12    5    0     7.5610E-02     1.0000E+05     1.0000E+00 1.0000000000
a   1  1  0  50  0  1  1  1  1  -1   0
        10000   8.361849080481534E+02 1.00000000E+04 
        20000   3.460346728976919E+02 1.00000000E+04 
        30000   3.091175802954414E+02 1.00000000E+04 
          200  -1.319062535929726E-46 1.00000000E-25 
         1100  -1.626082744435335E-46 1.00000000E-25 
         2000   6.696145232756005E-50 1.00000000E-25 
        40100  -2.990492583388862E-44 1.00000000E-25 
        41000  -9.764025917419010E-49 1.00000000E-25 
