anisole                                         Wed Mar Mon Oct  1 08:30:22 2018
   8   12    5    0     1.0903E-04     1.0000E+05     1.0000E+00 1.0000000000
a   1  1  0  50  0  1  1  1  1  -1   0
        10000   5.031252067097219E+02 1.00000000E+04 
        20000   6.139985409079699E+02 1.00000000E+04 
        30000   2.946969220136953E+02 1.00000000E+04 
          200  -8.600896833303904E-47 1.00000000E-25 
         1100  -2.158502078158608E-47 1.00000000E-25 
         2000  -2.816073008641416E-49 1.00000000E-25 
        40100   1.212978846844937E-44 1.00000000E-25 
        41000   5.739706708618299E-48 1.00000000E-25 
