anisole                                         Wed Mar Mon Oct  1 08:59:14 2018
   8   12    5    0     3.2406E-04     1.0000E+05     1.0000E+00 1.0000000000
a   1  1  0  50  0  1  1  1  1  -1   0
        10000   6.565685635531918E+02 1.00000000E+04 
        20000   4.767017899892815E+02 1.00000000E+04 
        30000   3.051830874581859E+02 1.00000000E+04 
          200   0.000000000000000E+00 1.00000000E-25 
         1100  -3.136330809980517E-47 1.00000000E-25 
         2000   0.000000000000000E+00 1.00000000E-25 
        40100   1.324092527736007E-44 1.00000000E-25 
        41000   0.000000000000000E+00 1.00000000E-25 
