anisole                                         Wed Mar Mon Oct  1 08:59:13 2018
   8   12    5    0     1.1517E-03     1.0000E+05     1.0000E+00 1.0000000000
a   1  1  0  50  0  1  1  1  1  -1   0
        10000   6.499417322264362E+02 1.00000000E+04 
        20000   4.620694018425831E+02 1.00000000E+04 
        30000   3.072397337764447E+02 1.00000000E+04 
          200  -1.821928566562447E-47 1.00000000E-25 
         1100  -1.932562548994045E-47 1.00000000E-25 
         2000  -7.276477488427312E-50 1.00000000E-25 
        40100   8.356350068277530E-45 1.00000000E-25 
        41000   1.375529414289640E-48 1.00000000E-25 
