anisole                                         Wed Mar Mon Oct  1 08:30:17 2018
   8   12    5    0     4.2602E-06     1.0000E+05     1.0000E+00 1.0000000000
a   1  1  0  50  0  1  1  1  1  -1   0
        10000   6.540831587141647E+02 1.00000000E+04 
        20000   2.617081430288084E+02 1.00000000E+04 
        30000   3.226500491884800E+02 1.00000000E+04 
          200  -2.377932972526992E-46 1.00000000E-25 
         1100  -2.724544335720830E-47 1.00000000E-25 
         2000  -8.930020379828915E-49 1.00000000E-25 
        40100   8.342485563254701E-45 1.00000000E-25 
        41000   1.736451298752199E-47 1.00000000E-25 
