anisole                                         Wed Mar Mon Oct  1 08:30:25 2018
   8   12    5    0     0.0000E+00     1.0000E+05     1.0000E+00 1.0000000000
a   1  1  0  50  0  1  1  1  1  -1   0
        10000   2.142124876750762E+04 1.00000000E+04 
        20000   3.420954112254068E+02 1.00000000E+04 
        30000   2.948809570986713E+02 1.00000000E+04 
          200   0.000000000000000E+00 1.00000000E-25 
         1100  -2.340176092773691E-46 1.00000000E-25 
         2000   0.000000000000000E+00 1.00000000E-25 
        40100  -5.471627929796676E-44 1.00000000E-25 
        41000   0.000000000000000E+00 1.00000000E-25 
