anisole                                         Wed Mar Mon Oct  1 08:59:16 2018
   8   12    5    0     6.6152E-03     1.0000E+05     1.0000E+00 1.0000000000
a   1  1  0  50  0  1  1  1  1  -1   0
        10000   6.103567505144067E+02 1.00000000E+04 
        20000   3.311203721200405E+02 1.00000000E+04 
        30000   2.975025956386276E+02 1.00000000E+04 
          200  -1.422391654881203E-45 1.00000000E-25 
         1100  -3.592154028625756E-46 1.00000000E-25 
         2000  -2.180328395602952E-49 1.00000000E-25 
        40100  -1.329438505023522E-43 1.00000000E-25 
        41000  -2.167998993549370E-47 1.00000000E-25 
