anisole                                         Wed Mar Mon Oct  1 08:59:13 2018
   8   12    5    0     1.3437E-06     1.0000E+05     1.0000E+00 1.0000000000
a   1  1  0  50  0  1  1  1  1  -1   0
        10000   5.262951433876749E+02 1.00000000E+04 
        20000   5.165402291866852E+02 1.00000000E+04 
        30000   3.047459931542032E+02 1.00000000E+04 
          200   0.000000000000000E+00 1.00000000E-25 
         1100  -4.808934964369330E-47 1.00000000E-25 
         2000   0.000000000000000E+00 1.00000000E-25 
        40100   2.030230622492724E-44 1.00000000E-25 
        41000   0.000000000000000E+00 1.00000000E-25 
