anisole                                         Wed Mar Mon Oct  1 08:59:13 2018
   8   12    5    0     2.5524E-05     1.0000E+05     1.0000E+00 1.0000000000
a   1  1  0  50  0  1  1  1  1  -1   0
        10000   5.352899101636216E+02 1.00000000E+04 
        20000   5.466700489057006E+02 1.00000000E+04 
        30000   3.030797029863704E+02 1.00000000E+04 
          200  -6.441882218795021E-49 1.00000000E-25 
         1100  -3.911969551388831E-47 1.00000000E-25 
         2000  -4.655143859640634E-51 1.00000000E-25 
        40100   1.667264088130729E-44 1.00000000E-25 
        41000   6.587303933370533E-50 1.00000000E-25 
