anisole                                         Wed Mar Mon Oct  1 08:59:14 2018
   8   12    5    0     5.2136E-05     1.0000E+05     1.0000E+00 1.0000000000
a   1  1  0  50  0  1  1  1  1  -1   0
        10000   5.538206453475123E+02 1.00000000E+04 
        20000   5.287720474110271E+02 1.00000000E+04 
        30000   3.038510299791706E+02 1.00000000E+04 
          200  -1.234514254879344E-48 1.00000000E-25 
         1100  -3.524148508229761E-47 1.00000000E-25 
         2000  -8.006174168515133E-51 1.00000000E-25 
        40100   1.505933200737484E-44 1.00000000E-25 
        41000   1.196902520366887E-49 1.00000000E-25 
