anisole                                         Wed Mar Mon Oct  1 08:25:04 2018
   8   12    5    0     0.0000E+00     1.0000E+05     1.0000E+00 1.0000000000
a   1  1  0  50  0  1  1  1  1  -1   0
        10000   7.659049971063007E+03 1.00000000E+04 
        20000   3.775383590492901E+02 1.00000000E+04 
        30000   2.882017282118099E+02 1.00000000E+04 
          200   1.071646669217722E-45 1.00000000E-25 
         1100  -7.775225367450949E-46 1.00000000E-25 
         2000   1.601068740277375E-49 1.00000000E-25 
        40100  -1.936685121003865E-43 1.00000000E-25 
        41000   1.616211975676411E-47 1.00000000E-25 
