anisole                                         Wed Mar Mon Oct  1 08:25:05 2018
   8   12    5    0     4.6342E-05     1.0000E+05     1.0000E+00 1.0000000000
a   1  1  0  50  0  1  1  1  1  -1   0
        10000   5.727847459521296E+02 1.00000000E+04 
        20000   5.467777762698745E+02 1.00000000E+04 
        30000   3.034238490274175E+02 1.00000000E+04 
          200  -9.956921635173634E-49 1.00000000E-25 
         1100  -3.879705126336504E-47 1.00000000E-25 
         2000  -6.560940140825134E-51 1.00000000E-25 
        40100   1.659775061041872E-44 1.00000000E-25 
        41000   9.729904296406004E-50 1.00000000E-25 
