anisole                                         Wed Mar Mon Oct  1 08:59:24 2018
   8   12    5    0     2.1252E-05     1.0000E+05     1.0000E+00 1.0000000000
a   1  1  0  50  0  1  1  1  1  -1   0
        10000   9.687375471258371E+02 1.00000000E+04 
        20000   6.175896869637864E+02 1.00000000E+04 
        30000   2.860215060294266E+02 1.00000000E+04 
          200   1.250543523110449E-46 1.00000000E-25 
         1100  -1.988270554343720E-47 1.00000000E-25 
         2000   4.682537978839613E-49 1.00000000E-25 
        40100   1.686095361957626E-44 1.00000000E-25 
        41000  -9.108008153531016E-48 1.00000000E-25 
