anisole                                         Wed Mar Mon Oct  1 08:25:01 2018
   8   12    5    0     0.0000E+00     1.0000E+05     1.0000E+00 1.0000000000
a   1  1  0  50  0  1  1  1  1  -1   0
        10000   2.226395000354864E+03 1.00000000E+04 
        20000   3.893674879719592E+02 1.00000000E+04 
        30000   2.932470024715805E+02 1.00000000E+04 
          200   8.402367625028863E-46 1.00000000E-25 
         1100  -6.055193123814604E-48 1.00000000E-25 
         2000   4.289976772825570E-49 1.00000000E-25 
        40100  -2.400434692642305E-44 1.00000000E-25 
        41000  -2.034874365888725E-47 1.00000000E-25 
