anisole                                         Wed Mar Mon Oct  1 08:25:04 2018
   8   12    5    0     4.9559E-06     1.0000E+05     1.0000E+00 1.0000000000
a   1  1  0  50  0  1  1  1  1  -1   0
        10000   5.457457969865275E+02 1.00000000E+04 
        20000   7.768116348817776E+02 1.00000000E+04 
        30000   2.915190252501556E+02 1.00000000E+04 
          200  -1.205683447739527E-49 1.00000000E-25 
         1100  -1.029449552910132E-46 1.00000000E-25 
         2000  -9.213383263025706E-52 1.00000000E-25 
        40100   4.374061963464190E-44 1.00000000E-25 
        41000   1.301334281194368E-50 1.00000000E-25 
