anisole                                         Wed Mar Mon Oct  1 08:25:05 2018
   8   12    5    0     1.4848E-05     1.0000E+05     1.0000E+00 1.0000000000
a   1  1  0  50  0  1  1  1  1  -1   0
        10000   5.520193789906780E+02 1.00000000E+04 
        20000   5.932436871720663E+02 1.00000000E+04 
        30000   3.030174618027206E+02 1.00000000E+04 
          200  -3.335662268245724E-49 1.00000000E-25 
         1100  -4.838386452458604E-47 1.00000000E-25 
         2000  -2.666439551458456E-51 1.00000000E-25 
        40100   2.060260913279861E-44 1.00000000E-25 
        41000   3.582550372208110E-50 1.00000000E-25 
