anisole                                         Wed Mar Mon Oct  1 08:25:06 2018
   8   12    5    0     3.8923E-06     1.0000E+05     1.0000E+00 1.0000000000
a   1  1  0  50  0  1  1  1  1  -1   0
        10000   5.849405699398505E+02 1.00000000E+04 
        20000   5.469653234380606E+02 1.00000000E+04 
        30000   3.029932246671771E+02 1.00000000E+04 
          200  -1.230791372340632E-46 1.00000000E-25 
         1100  -2.559274033953694E-47 1.00000000E-25 
         2000  -4.010783666198202E-49 1.00000000E-25 
        40100   1.436882248601347E-44 1.00000000E-25 
        41000   8.259718716832490E-48 1.00000000E-25 
