anisole                                         Wed Mar Mon Oct  1 08:59:24 2018
   8   12    5    0     3.7646E-04     1.0000E+05     1.0000E+00 1.0000000000
a   1  1  0  50  0  1  1  1  1  -1   0
        10000   6.732911140983736E+02 1.00000000E+04 
        20000   4.806672259401537E+02 1.00000000E+04 
        30000   3.047403000191244E+02 1.00000000E+04 
          200   0.000000000000000E+00 1.00000000E-25 
         1100  -3.302818372721780E-47 1.00000000E-25 
         2000   0.000000000000000E+00 1.00000000E-25 
        40100   1.394380055150265E-44 1.00000000E-25 
        41000   0.000000000000000E+00 1.00000000E-25 
