anisole                                         Wed Mar Mon Oct  1 08:25:05 2018
   8   12    5    0     9.7419E-04     1.0000E+05     1.0000E+00 1.0000000000
a   1  1  0  50  0  1  1  1  1  -1   0
        10000   6.985746028823452E+02 1.00000000E+04 
        20000   4.689797809391803E+02 1.00000000E+04 
        30000   3.053876592393224E+02 1.00000000E+04 
          200   0.000000000000000E+00 1.00000000E-25 
         1100  -2.812124724661068E-47 1.00000000E-25 
         2000   0.000000000000000E+00 1.00000000E-25 
        40100   1.187219576180017E-44 1.00000000E-25 
        41000   0.000000000000000E+00 1.00000000E-25 
