anisole                                         Wed Mar Mon Oct  1 08:59:23 2018
   8   12    5    0     5.1232E-06     1.0000E+05     1.0000E+00 1.0000000000
a   1  1  0  50  0  1  1  1  1  -1   0
        10000   6.544300772254355E+02 1.00000000E+04 
        20000   4.806917780175280E+02 1.00000000E+04 
        30000   2.986168382143561E+02 1.00000000E+04 
          200   2.725770941414086E-49 1.00000000E-25 
         1100  -7.000515917377318E-47 1.00000000E-25 
         2000   3.950618548269142E-51 1.00000000E-25 
        40100   2.964641237577265E-44 1.00000000E-25 
        41000  -3.860657793910614E-50 1.00000000E-25 
