anisole                                         Wed Mar Mon Oct  1 08:25:04 2018
   8   12    5    0     2.2605E-05     1.0000E+05     1.0000E+00 1.0000000000
a   1  1  0  50  0  1  1  1  1  -1   0
        10000   5.951860666215955E+02 1.00000000E+04 
        20000   4.541390102303946E+02 1.00000000E+04 
        30000   3.166464570013509E+02 1.00000000E+04 
          200  -3.640754502794766E-46 1.00000000E-25 
         1100  -2.814515141637006E-47 1.00000000E-25 
         2000  -1.118774816906381E-48 1.00000000E-25 
        40100   7.374385773285572E-45 1.00000000E-25 
        41000   2.354998139718259E-47 1.00000000E-25 
