anisole                                         Wed Mar Mon Oct  1 08:25:03 2018
   8   12    5    0     0.0000E+00     1.0000E+05     1.0000E+00 1.0000000000
a   1  1  0  50  0  1  1  1  1  -1   0
        10000   2.182370319766354E+03 1.00000000E+04 
        20000   3.933282001450028E+02 1.00000000E+04 
        30000   2.883319766805025E+02 1.00000000E+04 
          200   3.462809955958918E-45 1.00000000E-25 
         1100   5.613423926185110E-47 1.00000000E-25 
         2000   2.257602603934738E-48 1.00000000E-25 
        40100  -1.621109067285424E-44 1.00000000E-25 
        41000  -9.407580246143164E-47 1.00000000E-25 
