anisole                                         Wed Mar Mon Oct  1 08:59:24 2018
   8   12    5    0     0.0000E+00     1.0000E+05     1.0000E+00 1.0000000000
a   1  1  0  50  0  1  1  1  1  -1   0
        10000   9.625198649803699E+02 1.00000000E+04 
        20000   4.105977530150648E+02 1.00000000E+04 
        30000   3.049534716097385E+02 1.00000000E+04 
          200   0.000000000000000E+00 1.00000000E-25 
         1100  -3.612049718666908E-48 1.00000000E-25 
         2000   0.000000000000000E+00 1.00000000E-25 
        40100  -1.186580648183632E-45 1.00000000E-25 
        41000   0.000000000000000E+00 1.00000000E-25 
