anisole                                         Wed Mar Mon Oct  1 08:25:01 2018
   8   12    5    0     1.7726E-06     1.0000E+05     1.0000E+00 1.0000000000
a   1  1  0  50  0  1  1  1  1  -1   0
        10000   8.000258258892864E+02 1.00000000E+04 
        20000   6.390726240444255E+02 1.00000000E+04 
        30000   2.845882745333171E+02 1.00000000E+04 
          200  -3.107965954591734E-50 1.00000000E-25 
         1100  -4.765077962532635E-47 1.00000000E-25 
         2000  -2.035304131354997E-52 1.00000000E-25 
        40100   2.545749173005562E-44 1.00000000E-25 
        41000   3.027821204710927E-51 1.00000000E-25 
