anisole                                         Wed Mar Mon Oct  1 08:59:21 2018
   8   12    5    0     0.0000E+00     1.0000E+05     1.0000E+00 1.0000000000
a   1  1  0  50  0  1  1  1  1  -1   0
        10000   1.364852051804266E+03 1.00000000E+04 
        20000   4.063261942228649E+02 1.00000000E+04 
        30000   2.858815415245835E+02 1.00000000E+04 
          200   0.000000000000000E+00 1.00000000E-25 
         1100   1.533704731159166E-48 1.00000000E-25 
         2000   0.000000000000000E+00 1.00000000E-25 
        40100  -1.053946661748701E-44 1.00000000E-25 
        41000   0.000000000000000E+00 1.00000000E-25 
