anisole                                         Wed Mar Fri Sep 28 19:24:13 2018
   8   12    5    0     2.0614E-05     1.0000E+05     1.0000E+00 1.0000000000
a   1  1  0  50  0  1  1  1  1  -1   0
        10000   5.062187515290289E+02 1.00000000E+04 
        20000   5.329772497875678E+02 1.00000000E+04 
        30000   3.067967517406703E+02 1.00000000E+04 
          200  -5.750208175040810E-49 1.00000000E-25 
         1100  -3.706248133989816E-47 1.00000000E-25 
         2000  -4.338109675694854E-51 1.00000000E-25 
        40100   1.575732722974122E-44 1.00000000E-25 
        41000   6.004848015271049E-50 1.00000000E-25 
