anisole                                         Wed Mar Fri Sep 28 19:24:11 2018
   8   12    5    0     7.6753E-01     1.0000E+05     1.0000E+00 1.0000000000
a   1  1  0  50  0  1  1  1  1  -1   0
        10000   8.941571782873751E+02 1.00000000E+04 
        20000   3.396419611634608E+02 1.00000000E+04 
        30000   3.160156454517661E+02 1.00000000E+04 
          200   4.643511570632559E-45 1.00000000E-25 
         1100  -3.363765412921292E-49 1.00000000E-25 
         2000   8.277937443504057E-49 1.00000000E-25 
        40100  -2.823043833066984E-44 1.00000000E-25 
        41000  -7.090428114056224E-47 1.00000000E-25 
