anisole                                         Wed Mar Fri Sep 28 19:24:13 2018
   8   12    5    0     2.9071E-04     1.0000E+05     1.0000E+00 1.0000000000
a   1  1  0  50  0  1  1  1  1  -1   0
        10000   5.813179918404653E+02 1.00000000E+04 
        20000   4.794149992028111E+02 1.00000000E+04 
        30000   3.084307874511717E+02 1.00000000E+04 
          200  -5.770400548671581E-48 1.00000000E-25 
         1100  -2.561341960832969E-47 1.00000000E-25 
         2000  -3.010205409209303E-50 1.00000000E-25 
        40100   1.089455993446048E-44 1.00000000E-25 
        41000   5.015007279676338E-49 1.00000000E-25 
