anisole                                         Wed Mar Fri Sep 28 19:24:11 2018
   8   12    5    0     0.0000E+00     1.0000E+05     1.0000E+00 1.0000000000
a   1  1  0  50  0  1  1  1  1  -1   0
        10000   1.650883320394978E+03 1.00000000E+04 
        20000   3.475213221075039E+02 1.00000000E+04 
        30000   3.103592347977660E+02 1.00000000E+04 
          200   0.000000000000000E+00 1.00000000E-25 
         1100  -1.425655461353895E-46 1.00000000E-25 
         2000   0.000000000000000E+00 1.00000000E-25 
        40100  -2.059874269799679E-44 1.00000000E-25 
        41000   0.000000000000000E+00 1.00000000E-25 
