anisole                                         Wed Mar Fri Sep 28 19:24:11 2018
   8   12    5    0     0.0000E+00     1.0000E+05     1.0000E+00 1.0000000000
a   1  1  0  50  0  1  1  1  1  -1   0
        10000   6.529432514313178E+02 1.00000000E+04 
        20000   3.641512858372959E+02 1.00000000E+04 
        30000   3.137945081042738E+02 1.00000000E+04 
          200   0.000000000000000E+00 1.00000000E-25 
         1100   1.588354822514165E-47 1.00000000E-25 
         2000   0.000000000000000E+00 1.00000000E-25 
        40100  -6.717816841676946E-45 1.00000000E-25 
        41000   0.000000000000000E+00 1.00000000E-25 
