anisole                                         Wed Mar Fri Sep 28 19:09:09 2018
   8   12    5    0     1.9278E-04     1.0000E+05     1.0000E+00 1.0000000000
a   1  1  0  50  0  1  1  1  1  -1   0
        10000   5.394735775792150E+02 1.00000000E+04 
        20000   3.934548659936490E+02 1.00000000E+04 
        30000   3.191619573207156E+02 1.00000000E+04 
          200  -3.825702207426092E-45 1.00000000E-25 
         1100  -1.678186974235647E-46 1.00000000E-25 
         2000  -1.224752488991820E-47 1.00000000E-25 
        40100   6.540342105121191E-45 1.00000000E-25 
        41000   2.539362546174897E-46 1.00000000E-25 
