anisole                                         Wed Mar Fri Sep 28 19:24:10 2018
   8   12    5    0     0.0000E+00     1.0000E+05     1.0000E+00 1.0000000000
a   1  1  0  50  0  1  1  1  1  -1   0
        10000   3.756190946283473E+03 1.00000000E+04 
        20000   3.436002429893452E+02 1.00000000E+04 
        30000   3.112089330055662E+02 1.00000000E+04 
          200   0.000000000000000E+00 1.00000000E-25 
         1100  -1.007636641895446E-47 1.00000000E-25 
         2000   0.000000000000000E+00 1.00000000E-25 
        40100  -1.056834968388297E-44 1.00000000E-25 
        41000   0.000000000000000E+00 1.00000000E-25 
