anisole                                         Wed Mar Fri Sep 28 19:24:09 2018
   8   12    5    0     2.5599E-07     1.0000E+05     1.0000E+00 1.0000000000
a   1  1  0  50  0  1  1  1  1  -1   0
        10000   4.689428015153847E+02 1.00000000E+04 
        20000   5.864502334696535E+02 1.00000000E+04 
        30000   3.023085183041866E+02 1.00000000E+04 
          200  -4.676562768408582E-49 1.00000000E-25 
         1100  -7.366878824863006E-48 1.00000000E-25 
         2000  -2.126847478397091E-51 1.00000000E-25 
        40100   6.055353589664438E-45 1.00000000E-25 
        41000   3.777750884450706E-50 1.00000000E-25 
