anisole                                         Wed Mar Fri Sep 28 19:24:10 2018
   8   12    5    0     1.9848E-06     1.0000E+05     1.0000E+00 1.0000000000
a   1  1  0  50  0  1  1  1  1  -1   0
        10000   5.072078087304878E+02 1.00000000E+04 
        20000   4.925627149703139E+02 1.00000000E+04 
        30000   3.039660536583098E+02 1.00000000E+04 
          200  -1.977905946176022E-46 1.00000000E-25 
         1100  -2.453469691639572E-47 1.00000000E-25 
         2000  -6.141322629522313E-49 1.00000000E-25 
        40100   1.048289412667217E-44 1.00000000E-25 
        41000   1.287874009974583E-47 1.00000000E-25 
