anisole                                         Wed Mar Fri Sep 28 19:24:10 2018
   8   12    5    0     0.0000E+00     1.0000E+05     1.0000E+00 1.0000000000
a   1  1  0  50  0  1  1  1  1  -1   0
        10000   1.292935506390102E+03 1.00000000E+04 
        20000   3.548368739045212E+02 1.00000000E+04 
        30000   3.016786331233284E+02 1.00000000E+04 
          200   1.877899224402972E-46 1.00000000E-25 
         1100  -5.257955362113079E-47 1.00000000E-25 
         2000   2.315384004266693E-49 1.00000000E-25 
        40100  -2.236662747865704E-44 1.00000000E-25 
        41000  -7.020521127147076E-48 1.00000000E-25 
