anisole                                         Wed Mar Fri Sep 28 19:24:13 2018
   8   12    5    0     2.4624E-04     1.0000E+05     1.0000E+00 1.0000000000
a   1  1  0  50  0  1  1  1  1  -1   0
        10000   5.806689089442153E+02 1.00000000E+04 
        20000   4.888359296315015E+02 1.00000000E+04 
        30000   3.075505959265474E+02 1.00000000E+04 
          200  -5.297164373408641E-48 1.00000000E-25 
         1100  -2.641240120896994E-47 1.00000000E-25 
         2000  -2.759251972990180E-50 1.00000000E-25 
        40100   1.133144715168560E-44 1.00000000E-25 
        41000   4.600246666091172E-49 1.00000000E-25 
