anisole                                         Wed Mar Fri Sep 28 19:24:10 2018
   8   12    5    0     0.0000E+00     1.0000E+05     1.0000E+00 1.0000000000
a   1  1  0  50  0  1  1  1  1  -1   0
        10000   2.213764685265058E+03 1.00000000E+04 
        20000   3.532959800923997E+02 1.00000000E+04 
        30000   2.996038037374212E+02 1.00000000E+04 
          200   0.000000000000000E+00 1.00000000E-25 
         1100  -2.842134578478522E-47 1.00000000E-25 
         2000   0.000000000000000E+00 1.00000000E-25 
        40100  -1.404748024113583E-44 1.00000000E-25 
        41000   0.000000000000000E+00 1.00000000E-25 
