anisole                                         Wed Mar Fri Sep 28 19:24:10 2018
   8   12    5    0     3.2677E-07     1.0000E+05     1.0000E+00 1.0000000000
a   1  1  0  50  0  1  1  1  1  -1   0
        10000   4.160854767059097E+02 1.00000000E+04 
        20000   4.102407657838132E+02 1.00000000E+04 
        30000   3.198955287056007E+02 1.00000000E+04 
          200  -1.041283605950491E-49 1.00000000E-25 
         1100   6.253916512240728E-48 1.00000000E-25 
         2000  -5.920344451069988E-52 1.00000000E-25 
        40100  -2.452625124742368E-45 1.00000000E-25 
        41000   9.453446074245712E-51 1.00000000E-25 
