anisole                                         Wed Mar Fri Sep 28 19:24:13 2018
   8   12    5    0     6.2598E-05     1.0000E+05     1.0000E+00 1.0000000000
a   1  1  0  50  0  1  1  1  1  -1   0
        10000   5.360964202723533E+02 1.00000000E+04 
        20000   5.093940864682204E+02 1.00000000E+04 
        30000   3.076674962166268E+02 1.00000000E+04 
          200  -1.586714255632490E-48 1.00000000E-25 
         1100  -3.168718337440659E-47 1.00000000E-25 
         2000  -1.006941216376872E-50 1.00000000E-25 
        40100   1.351113404530279E-44 1.00000000E-25 
        41000   1.521904090539696E-49 1.00000000E-25 
