anisole                                         Wed Mar Fri Sep 28 19:24:10 2018
   8   12    5    0     2.0600E-04     1.0000E+05     1.0000E+00 1.0000000000
a   1  1  0  50  0  1  1  1  1  -1   0
        10000   5.557830136272371E+02 1.00000000E+04 
        20000   3.952549363240019E+02 1.00000000E+04 
        30000   3.189208037442814E+02 1.00000000E+04 
          200  -4.280313260791510E-45 1.00000000E-25 
         1100  -1.797702864419915E-46 1.00000000E-25 
         2000  -1.296547016342065E-47 1.00000000E-25 
        40100   6.330639166959673E-45 1.00000000E-25 
        41000   2.743288707976657E-46 1.00000000E-25 
