anisole                                         Wed Mar Fri Sep 28 19:24:11 2018
   8   12    5    0     2.7466E-04     1.0000E+05     1.0000E+00 1.0000000000
a   1  1  0  50  0  1  1  1  1  -1   0
        10000   6.186137297490307E+02 1.00000000E+04 
        20000   3.969007681157454E+02 1.00000000E+04 
        30000   3.120588499109693E+02 1.00000000E+04 
          200  -1.323934240032137E-45 1.00000000E-25 
         1100  -5.213287730731471E-47 1.00000000E-25 
         2000  -3.584734389458300E-48 1.00000000E-25 
        40100   1.457483122184130E-45 1.00000000E-25 
        41000   7.877564027195522E-47 1.00000000E-25 
