anisole                                         Wed Mar Fri Sep 28 19:24:10 2018
   8   12    5    0     7.5126E-05     1.0000E+05     1.0000E+00 1.0000000000
a   1  1  0  50  0  1  1  1  1  -1   0
        10000   5.414822834666941E+02 1.00000000E+04 
        20000   5.065463158748694E+02 1.00000000E+04 
        30000   3.076776931656076E+02 1.00000000E+04 
          200  -1.869149953350861E-48 1.00000000E-25 
         1100  -3.098293259230703E-47 1.00000000E-25 
         2000  -1.155988249672098E-50 1.00000000E-25 
        40100   1.321890544286305E-44 1.00000000E-25 
        41000   1.769960323277804E-49 1.00000000E-25 
