anisole                                         Wed Mar Fri Sep 28 19:24:13 2018
   8   12    5    0     2.4257E-06     1.0000E+05     1.0000E+00 1.0000000000
a   1  1  0  50  0  1  1  1  1  -1   0
        10000   6.046202391143873E+02 1.00000000E+04 
        20000   4.565281928192576E+02 1.00000000E+04 
        30000   3.001126368157447E+02 1.00000000E+04 
          200   8.096411996326119E-50 1.00000000E-25 
         1100  -3.908869527222993E-47 1.00000000E-25 
         2000   1.168588799428446E-51 1.00000000E-25 
        40100   1.658346595958315E-44 1.00000000E-25 
        41000  -1.148411963559250E-50 1.00000000E-25 
