anisole                                         Wed Mar Fri Sep 28 19:24:13 2018
   8   12    5    0     4.2209E-06     1.0000E+05     1.0000E+00 1.0000000000
a   1  1  0  50  0  1  1  1  1  -1   0
        10000   4.589823530803491E+02 1.00000000E+04 
        20000   5.892632743574968E+02 1.00000000E+04 
        30000   3.040265642101907E+02 1.00000000E+04 
          200  -1.348135158007898E-49 1.00000000E-25 
         1100  -4.821332570181829E-47 1.00000000E-25 
         2000  -1.411566709936906E-51 1.00000000E-25 
        40100   2.040552317634871E-44 1.00000000E-25 
        41000   1.646109382725757E-50 1.00000000E-25 
