anisole                                         Wed Mar Fri Sep 28 19:24:11 2018
   8   12    5    0     2.1451E-04     1.0000E+05     1.0000E+00 1.0000000000
a   1  1  0  50  0  1  1  1  1  -1   0
        10000   5.627811629803484E+02 1.00000000E+04 
        20000   3.971741094545288E+02 1.00000000E+04 
        30000   3.176931944284654E+02 1.00000000E+04 
          200  -2.854561473499938E-45 1.00000000E-25 
         1100  -1.208208002825429E-46 1.00000000E-25 
         2000  -8.540640699765226E-48 1.00000000E-25 
        40100   4.577130730562341E-45 1.00000000E-25 
        41000   1.814960062539420E-46 1.00000000E-25 
