anisole                                         Wed Mar Fri Sep 28 19:24:10 2018
   8   12    5    0     1.9057E-04     1.0000E+05     1.0000E+00 1.0000000000
a   1  1  0  50  0  1  1  1  1  -1   0
        10000   5.711636265579901E+02 1.00000000E+04 
        20000   4.886663119719743E+02 1.00000000E+04 
        30000   3.078447466362572E+02 1.00000000E+04 
          200  -4.013020119538344E-48 1.00000000E-25 
         1100  -2.752376286817554E-47 1.00000000E-25 
         2000  -2.210601445599669E-50 1.00000000E-25 
        40100   1.173613048978525E-44 1.00000000E-25 
        41000   3.585553066023954E-49 1.00000000E-25 
