anisole                                         Wed Mar Fri Sep 28 19:24:11 2018
   8   12    5    0     9.3518E-05     1.0000E+05     1.0000E+00 1.0000000000
a   1  1  0  50  0  1  1  1  1  -1   0
        10000   5.507616976692749E+02 1.00000000E+04 
        20000   5.048175586725126E+02 1.00000000E+04 
        30000   3.071471597708300E+02 1.00000000E+04 
          200  -2.249555161364381E-48 1.00000000E-25 
         1100  -3.042723217552166E-47 1.00000000E-25 
         2000  -1.348479545651243E-50 1.00000000E-25 
        40100   1.299783553182790E-44 1.00000000E-25 
        41000   2.097232004689884E-49 1.00000000E-25 
