anisole                                         Wed Mar Fri Sep 28 19:09:09 2018
   8   12    5    0     3.7296E-04     1.0000E+05     1.0000E+00 1.0000000000
a   1  1  0  50  0  1  1  1  1  -1   0
        10000   5.905808934745177E+02 1.00000000E+04 
        20000   4.765250644418784E+02 1.00000000E+04 
        30000   3.080187292566049E+02 1.00000000E+04 
          200  -7.238794943850454E-48 1.00000000E-25 
         1100  -2.454245383390481E-47 1.00000000E-25 
         2000  -3.617252282055663E-50 1.00000000E-25 
        40100   1.045244263978342E-44 1.00000000E-25 
        41000   6.154020754034397E-49 1.00000000E-25 
