anisole                                         Wed Mar Fri Sep 28 19:24:13 2018
   8   12    5    0     2.2575E-04     1.0000E+05     1.0000E+00 1.0000000000
a   1  1  0  50  0  1  1  1  1  -1   0
        10000   5.752968265839459E+02 1.00000000E+04 
        20000   4.843755759855236E+02 1.00000000E+04 
        30000   3.084668767250747E+02 1.00000000E+04 
          200  -4.579945083590797E-48 1.00000000E-25 
         1100  -2.684439096466609E-47 1.00000000E-25 
         2000  -2.478550933263676E-50 1.00000000E-25 
        40100   1.142742967398860E-44 1.00000000E-25 
        41000   4.055481632673847E-49 1.00000000E-25 
