anisole                                         Wed Mar Fri Sep 28 19:24:13 2018
   8   12    5    0     8.0614E-04     1.0000E+05     1.0000E+00 1.0000000000
a   1  1  0  50  0  1  1  1  1  -1   0
        10000   6.218747783968930E+02 1.00000000E+04 
        20000   4.647257353582498E+02 1.00000000E+04 
        30000   3.085345466941372E+02 1.00000000E+04 
          200  -1.338865473200247E-47 1.00000000E-25 
         1100  -2.155686183866294E-47 1.00000000E-25 
         2000  -5.941317336114067E-50 1.00000000E-25 
        40100   9.136686006131213E-45 1.00000000E-25 
        41000   1.069876141740904E-48 1.00000000E-25 
