anisole                                         Wed Mar Mon Oct  1 06:28:24 2018
   8   12    5    0     1.3947E-04     1.0000E+05     1.0000E+00 1.0000000000
a   1  1  0  50  0  1  1  1  1  -1   0
        10000   5.597049313589182E+02 1.00000000E+04 
        20000   4.911424466546117E+02 1.00000000E+04 
        30000   3.083374670255220E+02 1.00000000E+04 
          200  -3.017831447178668E-48 1.00000000E-25 
         1100  -2.860204257097809E-47 1.00000000E-25 
         2000  -1.747484357068843E-50 1.00000000E-25 
        40100   1.217151998974703E-44 1.00000000E-25 
        41000   2.765099259094091E-49 1.00000000E-25 
