anisole                                         Wed Mar Mon Oct  1 06:28:23 2018
   8   12    5    0     9.5213E-05     1.0000E+05     1.0000E+00 1.0000000000
a   1  1  0  50  0  1  1  1  1  -1   0
        10000   5.589239269577363E+02 1.00000000E+04 
        20000   5.091410285477112E+02 1.00000000E+04 
        30000   3.068167299496932E+02 1.00000000E+04 
          200  -2.207013785384574E-48 1.00000000E-25 
         1100  -3.125214326381413E-47 1.00000000E-25 
         2000  -1.319284503127897E-50 1.00000000E-25 
        40100   1.336513560344495E-44 1.00000000E-25 
        41000   2.054695284818485E-49 1.00000000E-25 
