anisole                                         Wed Mar Mon Oct  1 06:28:23 2018
   8   12    5    0     1.9636E-05     1.0000E+05     1.0000E+00 1.0000000000
a   1  1  0  50  0  1  1  1  1  -1   0
        10000   5.521558491416159E+02 1.00000000E+04 
        20000   4.269056839956625E+02 1.00000000E+04 
        30000   3.016883766111377E+02 1.00000000E+04 
          200   8.210898207266106E-49 1.00000000E-25 
         1100  -6.334009488166545E-47 1.00000000E-25 
         2000   1.561853170636333E-50 1.00000000E-25 
        40100   2.711456590173509E-44 1.00000000E-25 
        41000  -1.309504025854030E-49 1.00000000E-25 
