anisole                                         Wed Mar Mon Oct  1 06:28:24 2018
   8   12    5    0     0.0000E+00     1.0000E+05     1.0000E+00 1.0000000000
a   1  1  0  50  0  1  1  1  1  -1   0
        10000   9.673835785775440E+03 1.00000000E+04 
        20000   3.536781490395368E+02 1.00000000E+04 
        30000   3.031595544134927E+02 1.00000000E+04 
          200   0.000000000000000E+00 1.00000000E-25 
         1100  -3.155073380565312E-46 1.00000000E-25 
         2000   0.000000000000000E+00 1.00000000E-25 
        40100  -6.601674004662759E-44 1.00000000E-25 
        41000   0.000000000000000E+00 1.00000000E-25 
