anisole                                         Wed Mar Mon Oct  1 06:28:23 2018
   8   12    5    0     0.0000E+00     1.0000E+05     1.0000E+00 1.0000000000
a   1  1  0  50  0  1  1  1  1  -1   0
        10000   3.291384485562648E+03 1.00000000E+04 
        20000   3.407929427594894E+02 1.00000000E+04 
        30000   3.011601965380444E+02 1.00000000E+04 
          200   0.000000000000000E+00 1.00000000E-25 
         1100   1.102491400387390E-47 1.00000000E-25 
         2000   0.000000000000000E+00 1.00000000E-25 
        40100  -1.030046673842019E-44 1.00000000E-25 
        41000   0.000000000000000E+00 1.00000000E-25 
