anisole                                         Wed Mar Mon Oct  1 06:28:24 2018
   8   12    5    0     0.0000E+00     1.0000E+05     1.0000E+00 1.0000000000
a   1  1  0  50  0  1  1  1  1  -1   0
        10000   8.453498551253425E+02 1.00000000E+04 
        20000   3.777450431830325E+02 1.00000000E+04 
        30000   3.062944921498121E+02 1.00000000E+04 
          200   0.000000000000000E+00 1.00000000E-25 
         1100   1.059695239033607E-47 1.00000000E-25 
         2000   0.000000000000000E+00 1.00000000E-25 
        40100  -4.654429127412507E-45 1.00000000E-25 
        41000   0.000000000000000E+00 1.00000000E-25 
