anisole                                         Wed Mar Mon Oct  1 06:28:25 2018
   8   12    5    0     2.0442E-06     1.0000E+05     1.0000E+00 1.0000000000
a   1  1  0  50  0  1  1  1  1  -1   0
        10000   4.845337155568192E+02 1.00000000E+04 
        20000   4.329363710003713E+02 1.00000000E+04 
        30000   3.189769029618808E+02 1.00000000E+04 
          200  -2.029328947255149E-50 1.00000000E-25 
         1100   4.162614813659686E-48 1.00000000E-25 
         2000  -1.122496662088257E-52 1.00000000E-25 
        40100  -2.197061637310136E-46 1.00000000E-25 
        41000   1.816956708458658E-51 1.00000000E-25 
