anisole                                         Wed Mar Mon Oct  1 06:28:25 2018
   8   12    5    0     1.0633E-05     1.0000E+05     1.0000E+00 1.0000000000
a   1  1  0  50  0  1  1  1  1  -1   0
        10000   4.632950512099979E+02 1.00000000E+04 
        20000   5.253519242787697E+02 1.00000000E+04 
        30000   3.084700954168453E+02 1.00000000E+04 
          200  -3.158765167534713E-49 1.00000000E-25 
         1100  -3.805341412773165E-47 1.00000000E-25 
         2000  -2.864253392458709E-51 1.00000000E-25 
        40100   1.610805946412091E-44 1.00000000E-25 
        41000   3.604031863393899E-50 1.00000000E-25 
