anisole                                         Wed Mar Mon Oct  1 06:28:24 2018
   8   12    5    0     5.1525E-02     1.0000E+05     1.0000E+00 1.0000000000
a   1  1  0  50  0  1  1  1  1  -1   0
        10000   9.390521012688650E+02 1.00000000E+04 
        20000   2.919464322015556E+02 1.00000000E+04 
        30000   3.109309766826377E+02 1.00000000E+04 
          200  -2.229699744775833E-46 1.00000000E-25 
         1100  -1.758577651022795E-47 1.00000000E-25 
         2000  -2.146914030963050E-50 1.00000000E-25 
        40100  -3.442716878920635E-44 1.00000000E-25 
        41000  -2.787538383973087E-48 1.00000000E-25 
