anisole                                         Wed Mar Mon Oct  1 06:28:25 2018
   8   12    5    0     1.7377E-05     1.0000E+05     1.0000E+00 1.0000000000
a   1  1  0  50  0  1  1  1  1  -1   0
        10000   5.005558149813281E+02 1.00000000E+04 
        20000   5.376866029063565E+02 1.00000000E+04 
        30000   3.060348945111676E+02 1.00000000E+04 
          200  -4.946512408998741E-49 1.00000000E-25 
         1100  -3.802333607216006E-47 1.00000000E-25 
         2000  -3.853374808836447E-51 1.00000000E-25 
        40100   1.615903592905318E-44 1.00000000E-25 
        41000   5.246660293976973E-50 1.00000000E-25 
