anisole                                         Wed Mar Mon Oct  1 06:28:23 2018
   8   12    5    0     2.2891E-04     1.0000E+05     1.0000E+00 1.0000000000
a   1  1  0  50  0  1  1  1  1  -1   0
        10000   5.862494131292917E+02 1.00000000E+04 
        20000   4.941723741804117E+02 1.00000000E+04 
        30000   3.072760005032740E+02 1.00000000E+04 
          200  -4.775727398775707E-48 1.00000000E-25 
         1100  -2.753624693436570E-47 1.00000000E-25 
         2000  -2.514873666233633E-50 1.00000000E-25 
        40100   1.183256148467475E-44 1.00000000E-25 
        41000   4.170515373310529E-49 1.00000000E-25 
