anisole                                         Wed Mar Mon Oct  1 06:28:25 2018
   8   12    5    0     3.0036E-04     1.0000E+05     1.0000E+00 1.0000000000
a   1  1  0  50  0  1  1  1  1  -1   0
        10000   6.094541594605971E+02 1.00000000E+04 
        20000   4.960183925808559E+02 1.00000000E+04 
        30000   3.059090330986914E+02 1.00000000E+04 
          200  -5.638727622636669E-48 1.00000000E-25 
         1100  -2.750667486987789E-47 1.00000000E-25 
         2000  -2.842419959095960E-50 1.00000000E-25 
        40100   1.189385692294120E-44 1.00000000E-25 
        41000   4.815317484490926E-49 1.00000000E-25 
