anisole                                         Wed Mar Fri Sep 28 16:21:08 2018
   8   12    5    0     0.0000E+00     1.0000E+05     1.0000E+00 1.0000000000
a   1  1  0  50  0  1  1  1  1  -1   0
        10000   1.086978351506205E+03 1.00000000E+04 
        20000   3.022277568786221E+02 1.00000000E+04 
        30000   3.111680397905192E+02 1.00000000E+04 
          200   0.000000000000000E+00 1.00000000E-25 
         1100   4.188905782945001E-47 1.00000000E-25 
         2000   0.000000000000000E+00 1.00000000E-25 
        40100  -1.768467417065001E-44 1.00000000E-25 
        41000   0.000000000000000E+00 1.00000000E-25 
