anisole                                         Wed Mar Fri Sep 28 16:21:10 2018
   8   12    5    0     6.8333E-02     1.0000E+05     1.0000E+00 1.0000000000
a   1  1  0  50  0  1  1  1  1  -1   0
        10000   5.617594998277725E+03 1.00000000E+04 
        20000   3.402753004374551E+02 1.00000000E+04 
        30000   2.943406052651223E+02 1.00000000E+04 
          200   1.230973676295706E-45 1.00000000E-25 
         1100  -3.460179941590754E-46 1.00000000E-25 
         2000   2.147875365677517E-50 1.00000000E-25 
        40100  -7.857244730355688E-44 1.00000000E-25 
        41000   7.001549227302076E-48 1.00000000E-25 
