anisole                                         Wed Mar Fri Sep 28 16:21:10 2018
   8   12    5    0     3.9914E-06     1.0000E+05     1.0000E+00 1.0000000000
a   1  1  0  50  0  1  1  1  1  -1   0
        10000   5.421769234660462E+02 1.00000000E+04 
        20000   4.166600563734278E+02 1.00000000E+04 
        30000   3.083067113488302E+02 1.00000000E+04 
          200   8.030944076408414E-50 1.00000000E-25 
         1100  -4.722389586642490E-47 1.00000000E-25 
         2000   1.093518687188508E-51 1.00000000E-25 
        40100   1.999875843148247E-44 1.00000000E-25 
        41000  -1.106110465755763E-50 1.00000000E-25 
