anisole                                         Wed Mar Fri Sep 28 16:21:10 2018
   8   12    5    0     5.7843E-05     1.0000E+05     1.0000E+00 1.0000000000
a   1  1  0  50  0  1  1  1  1  -1   0
        10000   5.846019729432278E+02 1.00000000E+04 
        20000   5.333232096602661E+02 1.00000000E+04 
        30000   2.955824047892048E+02 1.00000000E+04 
          200  -2.329135396331543E-48 1.00000000E-25 
         1100  -2.358489562425835E-47 1.00000000E-25 
         2000  -1.208959545035343E-50 1.00000000E-25 
        40100   1.083489696799469E-44 1.00000000E-25 
        41000   2.015397624258701E-49 1.00000000E-25 
