anisole                                         Wed Mar Fri Sep 28 16:21:09 2018
   8   12    5    0     9.2446E-03     1.0000E+05     1.0000E+00 1.0000000000
a   1  1  0  50  0  1  1  1  1  -1   0
        10000   5.195041830158285E+02 1.00000000E+04 
        20000   3.288326510977466E+02 1.00000000E+04 
        30000   2.939364581837160E+02 1.00000000E+04 
          200  -1.737260130454447E-45 1.00000000E-25 
         1100  -3.485744256396283E-46 1.00000000E-25 
         2000  -2.854978074571412E-49 1.00000000E-25 
        40100  -1.368331722121785E-43 1.00000000E-25 
        41000  -2.724421144190618E-47 1.00000000E-25 
