anisole                                         Wed Mar Fri Sep 28 16:21:08 2018
   8   12    5    0     0.0000E+00     1.0000E+05     1.0000E+00 1.0000000000
a   1  1  0  50  0  1  1  1  1  -1   0
        10000   1.844076413785442E+04 1.00000000E+04 
        20000   3.423724360800897E+02 1.00000000E+04 
        30000   2.933607766759277E+02 1.00000000E+04 
          200   0.000000000000000E+00 1.00000000E-25 
         1100  -4.408689683973360E-46 1.00000000E-25 
         2000   0.000000000000000E+00 1.00000000E-25 
        40100  -7.602460040622798E-44 1.00000000E-25 
        41000   0.000000000000000E+00 1.00000000E-25 
