anisole                                         Wed Mar Fri Sep 28 16:21:09 2018
   8   12    5    0     0.0000E+00     1.0000E+05     1.0000E+00 1.0000000000
a   1  1  0  50  0  1  1  1  1  -1   0
        10000   1.397387902460651E+03 1.00000000E+04 
        20000   3.516491424372301E+02 1.00000000E+04 
        30000   3.014692253357101E+02 1.00000000E+04 
          200   1.632030799672641E-46 1.00000000E-25 
         1100  -1.211757253247795E-46 1.00000000E-25 
         2000   1.548909508289091E-49 1.00000000E-25 
        40100  -2.584706407941811E-44 1.00000000E-25 
        41000  -5.332386507251596E-48 1.00000000E-25 
