anisole                                         Wed Mar Fri Sep 28 18:48:07 2018
   8   12    5    0     8.8515E-07     1.0000E+05     1.0000E+00 1.0000000000
a   1  1  0  50  0  1  1  1  1  -1   0
        10000   5.538977241240987E+02 1.00000000E+04 
        20000   4.191370550356808E+02 1.00000000E+04 
        30000   3.083475847565043E+02 1.00000000E+04 
          200   1.662354053443526E-50 1.00000000E-25 
         1100  -4.534377799083232E-47 1.00000000E-25 
         2000   2.065781369279451E-52 1.00000000E-25 
        40100   1.915591434382100E-44 1.00000000E-25 
        41000  -2.196733472779511E-51 1.00000000E-25 
