anisole                                         Wed Mar Fri Sep 28 18:48:07 2018
   8   12    5    0     4.7114E-05     1.0000E+05     1.0000E+00 1.0000000000
a   1  1  0  50  0  1  1  1  1  -1   0
        10000   5.408796028259985E+02 1.00000000E+04 
        20000   5.234828539459007E+02 1.00000000E+04 
        30000   3.049324886595749E+02 1.00000000E+04 
          200  -1.172495125831673E-48 1.00000000E-25 
         1100  -3.441277353248530E-47 1.00000000E-25 
         2000  -7.729297946224200E-51 1.00000000E-25 
        40100   1.468321876594771E-44 1.00000000E-25 
        41000   1.146007570033046E-49 1.00000000E-25 
