anisole                                         Wed Mar Fri Sep 28 18:48:06 2018
   8   12    5    0     3.0478E-05     1.0000E+05     1.0000E+00 1.0000000000
a   1  1  0  50  0  1  1  1  1  -1   0
        10000   5.077490766075146E+02 1.00000000E+04 
        20000   5.165766044225854E+02 1.00000000E+04 
        30000   3.071393587381669E+02 1.00000000E+04 
          200  -8.566848653871026E-49 1.00000000E-25 
         1100  -3.357987861581440E-47 1.00000000E-25 
         2000  -6.046302234016444E-51 1.00000000E-25 
        40100   1.428170884946176E-44 1.00000000E-25 
        41000   8.659526498896562E-50 1.00000000E-25 
