anisole                                         Wed Mar Fri Sep 28 18:48:05 2018
   8   12    5    0     0.0000E+00     1.0000E+05     1.0000E+00 1.0000000000
a   1  1  0  50  0  1  1  1  1  -1   0
        10000   3.076285542057169E+03 1.00000000E+04 
        20000   3.501579265510462E+02 1.00000000E+04 
        30000   2.997417719807796E+02 1.00000000E+04 
          200   0.000000000000000E+00 1.00000000E-25 
         1100  -4.366525811064556E-47 1.00000000E-25 
         2000   0.000000000000000E+00 1.00000000E-25 
        40100  -2.443030676330647E-44 1.00000000E-25 
        41000   0.000000000000000E+00 1.00000000E-25 
