anisole                                         Wed Mar Mon Oct  1 09:55:24 2018
   8   12    5    0     4.4669E-04     1.0000E+05     1.0000E+00 1.0000000000
a   1  1  0  50  0  1  1  1  1  -1   0
        10000   6.783015609282279E+02 1.00000000E+04 
        20000   4.788785051128771E+02 1.00000000E+04 
        30000   3.047873127386286E+02 1.00000000E+04 
          200   0.000000000000000E+00 1.00000000E-25 
         1100  -3.227719499698166E-47 1.00000000E-25 
         2000   0.000000000000000E+00 1.00000000E-25 
        40100   1.362674899464670E-44 1.00000000E-25 
        41000   0.000000000000000E+00 1.00000000E-25 
