anisole                                         Wed Mar Mon Oct  1 09:55:23 2018
   8   12    5    0     0.0000E+00     1.0000E+05     1.0000E+00 1.0000000000
a   1  1  0  50  0  1  1  1  1  -1   0
        10000   1.148336522810368E+03 1.00000000E+04 
        20000   5.439584945979819E+02 1.00000000E+04 
        30000   2.855779695939643E+02 1.00000000E+04 
          200   0.000000000000000E+00 1.00000000E-25 
         1100  -4.757590550295103E-47 1.00000000E-25 
         2000   0.000000000000000E+00 1.00000000E-25 
        40100   2.204058698689543E-44 1.00000000E-25 
        41000   0.000000000000000E+00 1.00000000E-25 
