anisole                                         Wed Mar Mon Oct  1 09:55:13 2018
   8   12    5    0     8.6818E-04     1.0000E+05     1.0000E+00 1.0000000000
a   1  1  0  50  0  1  1  1  1  -1   0
        10000   6.805154475602392E+02 1.00000000E+04 
        20000   4.854511729210965E+02 1.00000000E+04 
        30000   3.065380139464390E+02 1.00000000E+04 
          200  -1.082641346286976E-47 1.00000000E-25 
         1100  -2.418123037682081E-47 1.00000000E-25 
         2000  -4.553891474709649E-50 1.00000000E-25 
        40100   1.075453645878492E-44 1.00000000E-25 
        41000   8.407496953784573E-49 1.00000000E-25 
