anisole                                         Wed Mar Mon Oct  1 09:54:56 2018
   8   12    5    0     1.2995E-01     1.0000E+05     1.0000E+00 1.0000000000
a   1  1  0  50  0  1  1  1  1  -1   0
        10000   1.197449156118763E+03 1.00000000E+04 
        20000   3.008118475330942E+02 1.00000000E+04 
        30000   3.103114843622333E+02 1.00000000E+04 
          200   0.000000000000000E+00 1.00000000E-25 
         1100   4.248352284898377E-47 1.00000000E-25 
         2000   0.000000000000000E+00 1.00000000E-25 
        40100  -1.793564472766531E-44 1.00000000E-25 
        41000   0.000000000000000E+00 1.00000000E-25 
