anisole                                         Wed Mar Mon Oct  1 09:54:16 2018
   8   12    5    0     1.3990E-01     1.0000E+05     1.0000E+00 1.0000000000
a   1  1  0  50  0  1  1  1  1  -1   0
        10000   1.029799256164094E+03 1.00000000E+04 
        20000   2.867131219418220E+02 1.00000000E+04 
        30000   3.104278239851037E+02 1.00000000E+04 
          200  -6.707749284091671E-46 1.00000000E-25 
         1100  -2.238602264742246E-47 1.00000000E-25 
         2000  -7.105487829605588E-50 1.00000000E-25 
        40100  -3.771107331425888E-44 1.00000000E-25 
        41000  -8.743429265240910E-48 1.00000000E-25 
