anisole                                         Wed Mar Mon Oct  1 09:52:48 2018
   8   12    5    0     0.0000E+00     1.0000E+05     1.0000E+00 1.0000000000
a   1  1  0  50  0  1  1  1  1  -1   0
        10000   1.051493689938964E+03 1.00000000E+04 
        20000   4.192002751573544E+02 1.00000000E+04 
        30000   3.119523375084273E+02 1.00000000E+04 
          200   0.000000000000000E+00 1.00000000E-25 
         1100  -7.218119143878808E-48 1.00000000E-25 
         2000   0.000000000000000E+00 1.00000000E-25 
        40100  -4.746011956127743E-47 1.00000000E-25 
        41000   0.000000000000000E+00 1.00000000E-25 
