anisole                                         Wed Mar Mon Oct  1 09:55:11 2018
   8   12    5    0     7.4073E-08     1.0000E+05     1.0000E+00 1.0000000000
a   1  1  0  50  0  1  1  1  1  -1   0
        10000   5.003612533229098E+02 1.00000000E+04 
        20000   6.530577142142471E+02 1.00000000E+04 
        30000   3.074489923153339E+02 1.00000000E+04 
          200  -7.995683732804328E-48 1.00000000E-25 
         1100  -2.142709739952521E-47 1.00000000E-25 
         2000  -2.959033090432128E-50 1.00000000E-25 
        40100   1.148140601228484E-44 1.00000000E-25 
        41000   5.765495470983454E-49 1.00000000E-25 
