anisole                                         Wed Mar Mon Oct  1 09:51:18 2018
   8   12    5    0     0.0000E+00     1.0000E+05     1.0000E+00 1.0000000000
a   1  1  0  50  0  1  1  1  1  -1   0
        10000   1.255945244745518E+03 1.00000000E+04 
        20000   4.244230471481904E+02 1.00000000E+04 
        30000   2.859638430339954E+02 1.00000000E+04 
          200   0.000000000000000E+00 1.00000000E-25 
         1100  -9.369910088032777E-48 1.00000000E-25 
         2000   0.000000000000000E+00 1.00000000E-25 
        40100  -1.926064834537272E-46 1.00000000E-25 
        41000   0.000000000000000E+00 1.00000000E-25 
