anisole                                         Wed Mar Mon Oct  1 09:55:15 2018
   8   12    5    0     7.3947E-05     1.0000E+05     1.0000E+00 1.0000000000
a   1  1  0  50  0  1  1  1  1  -1   0
        10000   5.682570432508279E+02 1.00000000E+04 
        20000   4.613130104862302E+02 1.00000000E+04 
        30000   2.994415028619729E+02 1.00000000E+04 
          200   4.330852825584620E-48 1.00000000E-25 
         1100  -7.732306163102538E-47 1.00000000E-25 
         2000   9.865589292707826E-50 1.00000000E-25 
        40100   3.359370337273945E-44 1.00000000E-25 
        41000  -7.457216035854603E-49 1.00000000E-25 
