anisole                                         Wed Mar Mon Oct  1 09:53:50 2018
   8   12    5    0     7.7097E-06     1.0000E+05     1.0000E+00 1.0000000000
a   1  1  0  50  0  1  1  1  1  -1   0
        10000   4.707414000048067E+02 1.00000000E+04 
        20000   5.645962800885592E+02 1.00000000E+04 
        30000   3.068569439732863E+02 1.00000000E+04 
          200  -2.377812209458772E-49 1.00000000E-25 
         1100  -4.379200316103633E-47 1.00000000E-25 
         2000  -2.235976760020129E-51 1.00000000E-25 
        40100   1.856045663251009E-44 1.00000000E-25 
        41000   2.760251331632625E-50 1.00000000E-25 
