anisole                                         Wed Mar Mon Oct  1 09:55:03 2018
   8   12    5    0     3.1053E-06     1.0000E+05     1.0000E+00 1.0000000000
a   1  1  0  50  0  1  1  1  1  -1   0
        10000   6.239533266377143E+02 1.00000000E+04 
        20000   5.875322762699635E+02 1.00000000E+04 
        30000   2.999796289592113E+02 1.00000000E+04 
          200  -8.558905761722018E-47 1.00000000E-25 
         1100  -2.574923323437877E-47 1.00000000E-25 
         2000  -2.894136654028211E-49 1.00000000E-25 
        40100   1.651472485924955E-44 1.00000000E-25 
        41000   5.874268207758645E-48 1.00000000E-25 
