anisole                                         Wed Mar Mon Oct  1 09:53:31 2018
   8   12    5    0     0.0000E+00     1.0000E+05     1.0000E+00 1.0000000000
a   1  1  0  50  0  1  1  1  1  -1   0
        10000   3.111146666088059E+03 1.00000000E+04 
        20000   3.617446992915765E+02 1.00000000E+04 
        30000   2.893637964590526E+02 1.00000000E+04 
          200   0.000000000000000E+00 1.00000000E-25 
         1100  -1.867953992701859E-46 1.00000000E-25 
         2000   0.000000000000000E+00 1.00000000E-25 
        40100  -4.956012048428846E-44 1.00000000E-25 
        41000   0.000000000000000E+00 1.00000000E-25 
