anisole                                         Wed Mar Mon Oct  1 09:54:15 2018
   8   12    5    0     0.0000E+00     1.0000E+05     1.0000E+00 1.0000000000
a   1  1  0  50  0  1  1  1  1  -1   0
        10000   2.629608979361007E+03 1.00000000E+04 
        20000   3.644443470290022E+02 1.00000000E+04 
        30000   3.033300875506337E+02 1.00000000E+04 
          200   0.000000000000000E+00 1.00000000E-25 
         1100  -7.727181506761574E-47 1.00000000E-25 
         2000   0.000000000000000E+00 1.00000000E-25 
        40100  -3.298776801195291E-44 1.00000000E-25 
        41000   0.000000000000000E+00 1.00000000E-25 
