anisole                                         Wed Mar Mon Oct  1 08:10:28 2018
   8   12    5    0     0.0000E+00     1.0000E+05     1.0000E+00 1.0000000000
a   1  1  0  50  0  1  1  1  1  -1   0
        10000   3.104517897875466E+03 1.00000000E+04 
        20000   3.857607562826362E+02 1.00000000E+04 
        30000   2.956927590665244E+02 1.00000000E+04 
          200   0.000000000000000E+00 1.00000000E-25 
         1100  -3.579904022922117E-46 1.00000000E-25 
         2000   0.000000000000000E+00 1.00000000E-25 
        40100   9.452268391969987E-44 1.00000000E-25 
        41000   0.000000000000000E+00 1.00000000E-25 
