anisole                                         Wed Mar Mon Oct  1 08:10:38 2018
   8   12    5    0     6.4450E-04     1.0000E+05     1.0000E+00 1.0000000000
a   1  1  0  50  0  1  1  1  1  -1   0
        10000   6.749980254711730E+02 1.00000000E+04 
        20000   4.966680980785678E+02 1.00000000E+04 
        30000   3.075669324892312E+02 1.00000000E+04 
          200  -8.137194917376577E-48 1.00000000E-25 
         1100  -2.682501598792596E-47 1.00000000E-25 
         2000  -3.616204669445925E-50 1.00000000E-25 
        40100   1.188399167463391E-44 1.00000000E-25 
        41000   6.507379783075327E-49 1.00000000E-25 
