anisole                                         Wed Mar Mon Oct  1 08:04:08 2018
   8   12    5    0     1.8979E-05     1.0000E+05     1.0000E+00 1.0000000000
a   1  1  0  50  0  1  1  1  1  -1   0
        10000   5.241106281246720E+02 1.00000000E+04 
        20000   5.528351575670807E+02 1.00000000E+04 
        30000   3.041651170582868E+02 1.00000000E+04 
          200  -4.932042968454191E-49 1.00000000E-25 
         1100  -4.067282245111413E-47 1.00000000E-25 
         2000  -3.765042175953795E-51 1.00000000E-25 
        40100   1.731054969165854E-44 1.00000000E-25 
        41000   5.180106618769396E-50 1.00000000E-25 
