anisole                                         Wed Mar Mon Oct  1 08:10:22 2018
   8   12    5    0     2.7231E-02     1.0000E+05     1.0000E+00 1.0000000000
a   1  1  0  50  0  1  1  1  1  -1   0
        10000   1.119946173438391E+03 1.00000000E+04 
        20000   2.985406848269645E+02 1.00000000E+04 
        30000   3.112736329085404E+02 1.00000000E+04 
          200   0.000000000000000E+00 1.00000000E-25 
         1100   4.343706326223700E-47 1.00000000E-25 
         2000   0.000000000000000E+00 1.00000000E-25 
        40100  -1.833820932068118E-44 1.00000000E-25 
        41000   0.000000000000000E+00 1.00000000E-25 
