anisole                                         Wed Mar Mon Oct  1 08:10:38 2018
   8   12    5    0     4.1494E-05     1.0000E+05     1.0000E+00 1.0000000000
a   1  1  0  50  0  1  1  1  1  -1   0
        10000   9.627003496446056E+02 1.00000000E+04 
        20000   5.863523779672238E+02 1.00000000E+04 
        30000   2.900224731281579E+02 1.00000000E+04 
          200   1.438452421973605E-46 1.00000000E-25 
         1100  -1.815595905317410E-47 1.00000000E-25 
         2000   5.019310174598903E-49 1.00000000E-25 
        40100   1.632612732551254E-44 1.00000000E-25 
        41000  -1.005875042620899E-47 1.00000000E-25 
