anisole                                         Wed Mar Mon Oct  1 08:04:10 2018
   8   12    5    0     2.0337E-05     1.0000E+05     1.0000E+00 1.0000000000
a   1  1  0  50  0  1  1  1  1  -1   0
        10000   5.750085084565445E+02 1.00000000E+04 
        20000   5.923999686025866E+02 1.00000000E+04 
        30000   3.008499094430278E+02 1.00000000E+04 
          200  -4.226282469213313E-49 1.00000000E-25 
         1100  -4.769306698346864E-47 1.00000000E-25 
         2000  -3.158738666038024E-51 1.00000000E-25 
        40100   2.035559607171964E-44 1.00000000E-25 
        41000   4.393380307549709E-50 1.00000000E-25 
