anisole                                         Wed Mar Mon Oct  1 08:10:36 2018
   8   12    5    0     0.0000E+00     1.0000E+05     1.0000E+00 1.0000000000
a   1  1  0  50  0  1  1  1  1  -1   0
        10000   4.905413030018213E+03 1.00000000E+04 
        20000   3.522885754921483E+02 1.00000000E+04 
        30000   3.031649545384889E+02 1.00000000E+04 
          200   0.000000000000000E+00 1.00000000E-25 
         1100  -1.773516406980034E-46 1.00000000E-25 
         2000   0.000000000000000E+00 1.00000000E-25 
        40100  -4.569305318335416E-44 1.00000000E-25 
        41000   0.000000000000000E+00 1.00000000E-25 
