anisole                                         Wed Mar Mon Oct  1 08:10:37 2018
   8   12    5    0     4.7457E-05     1.0000E+05     1.0000E+00 1.0000000000
a   1  1  0  50  0  1  1  1  1  -1   0
        10000   5.884197112970902E+02 1.00000000E+04 
        20000   5.562078271427551E+02 1.00000000E+04 
        30000   3.044324485152367E+02 1.00000000E+04 
          200  -9.289019391785196E-49 1.00000000E-25 
         1100  -4.075264747498690E-47 1.00000000E-25 
         2000  -6.104751283124543E-51 1.00000000E-25 
        40100   1.744944743323199E-44 1.00000000E-25 
        41000   9.065425074659165E-50 1.00000000E-25 
