anisole                                         Wed Mar Mon Oct  1 08:04:06 2018
   8   12    5    0     2.6344E-02     1.0000E+05     1.0000E+00 1.0000000000
a   1  1  0  50  0  1  1  1  1  -1   0
        10000   8.238511057549487E+02 1.00000000E+04 
        20000   2.930892508020270E+02 1.00000000E+04 
        30000   3.095320434777467E+02 1.00000000E+04 
          200  -1.596592380144118E-46 1.00000000E-25 
         1100  -1.739652943342460E-47 1.00000000E-25 
         2000  -1.389992569496655E-50 1.00000000E-25 
        40100  -3.348887307707448E-44 1.00000000E-25 
        41000  -1.909023520985406E-48 1.00000000E-25 
