anisole                                         Wed Mar Mon Oct  1 08:04:11 2018
   8   12    5    0     2.1307E-06     1.0000E+05     1.0000E+00 1.0000000000
a   1  1  0  50  0  1  1  1  1  -1   0
        10000   6.112537903245898E+02 1.00000000E+04 
        20000   4.423514509945491E+02 1.00000000E+04 
        30000   3.027501521484300E+02 1.00000000E+04 
          200   7.691548555635184E-50 1.00000000E-25 
         1100  -5.597552260068232E-47 1.00000000E-25 
         2000   1.002586796878022E-51 1.00000000E-25 
        40100   2.366952278849816E-44 1.00000000E-25 
        41000  -1.038707836853935E-50 1.00000000E-25 
