anisole                                         Wed Mar Mon Oct  1 08:04:09 2018
   8   12    5    0     0.0000E+00     1.0000E+05     1.0000E+00 1.0000000000
a   1  1  0  50  0  1  1  1  1  -1   0
        10000   1.802532201938689E+04 1.00000000E+04 
        20000   3.509720379119355E+02 1.00000000E+04 
        30000   3.083564858839582E+02 1.00000000E+04 
          200   0.000000000000000E+00 1.00000000E-25 
         1100  -2.696809051778763E-46 1.00000000E-25 
         2000   0.000000000000000E+00 1.00000000E-25 
        40100  -5.903672309850918E-44 1.00000000E-25 
        41000   0.000000000000000E+00 1.00000000E-25 
