anisole                                         Wed Mar Mon Oct  1 08:04:10 2018
   8   12    5    0     1.1617E-03     1.0000E+05     1.0000E+00 1.0000000000
a   1  1  0  50  0  1  1  1  1  -1   0
        10000   6.946290434085225E+02 1.00000000E+04 
        20000   4.631142646995752E+02 1.00000000E+04 
        30000   3.055402066382497E+02 1.00000000E+04 
          200   0.000000000000000E+00 1.00000000E-25 
         1100  -2.565862897449775E-47 1.00000000E-25 
         2000   0.000000000000000E+00 1.00000000E-25 
        40100   1.083253041706214E-44 1.00000000E-25 
        41000   0.000000000000000E+00 1.00000000E-25 
