anisole                                         Wed Mar Mon Oct  1 08:10:30 2018
   8   12    5    0     0.0000E+00     1.0000E+05     1.0000E+00 1.0000000000
a   1  1  0  50  0  1  1  1  1  -1   0
        10000   4.227313728750484E+03 1.00000000E+04 
        20000   3.534536610061508E+02 1.00000000E+04 
        30000   2.914183104316198E+02 1.00000000E+04 
          200   0.000000000000000E+00 1.00000000E-25 
         1100  -2.478731425092161E-46 1.00000000E-25 
         2000   0.000000000000000E+00 1.00000000E-25 
        40100  -5.625861194339140E-44 1.00000000E-25 
        41000   0.000000000000000E+00 1.00000000E-25 
