anisole                                         Wed Mar Fri Sep 28 19:47:41 2018
   8   12    5    0     0.0000E+00     1.0000E+05     1.0000E+00 1.0000000000
a   1  1  0  50  0  1  1  1  1  -1   0
        10000   9.120075281471509E+02 1.00000000E+04 
        20000   2.828090147945037E+02 1.00000000E+04 
        30000   3.516034879465994E+02 1.00000000E+04 
          200   3.489541301199250E-44 1.00000000E-25 
         1100   5.085675825965809E-46 1.00000000E-25 
         2000   3.588580013942395E-47 1.00000000E-25 
        40100  -6.781239000707223E-44 1.00000000E-25 
        41000   1.168276716665846E-45 1.00000000E-25 
