anisole                                         Wed Mar Fri Sep 28 19:47:44 2018
   8   12    5    0     0.0000E+00     1.0000E+05     1.0000E+00 1.0000000000
a   1  1  0  50  0  1  1  1  1  -1   0
        10000   1.237606776040564E+03 1.00000000E+04 
        20000   3.437723236724924E+02 1.00000000E+04 
        30000   3.022126038425521E+02 1.00000000E+04 
          200   1.261761848683537E-46 1.00000000E-25 
         1100  -1.030660241821091E-46 1.00000000E-25 
         2000   1.421288690780706E-49 1.00000000E-25 
        40100  -2.599192496295479E-44 1.00000000E-25 
        41000  -4.499934672505432E-48 1.00000000E-25 
