anisole                                         Wed Mar Fri Sep 28 19:47:43 2018
   8   12    5    0     4.7728E-06     1.0000E+05     1.0000E+00 1.0000000000
a   1  1  0  50  0  1  1  1  1  -1   0
        10000   5.753872333828314E+02 1.00000000E+04 
        20000   4.261216066303303E+02 1.00000000E+04 
        30000   3.059382638408226E+02 1.00000000E+04 
          200   1.516982857724719E-49 1.00000000E-25 
         1100  -5.382328033675206E-47 1.00000000E-25 
         2000   2.155295376908805E-51 1.00000000E-25 
        40100   2.281430088400941E-44 1.00000000E-25 
        41000  -2.129573263046882E-50 1.00000000E-25 
