anisole                                         Wed Mar Fri Sep 28 19:47:44 2018
   8   12    5    0     5.8169E-04     1.0000E+05     1.0000E+00 1.0000000000
a   1  1  0  50  0  1  1  1  1  -1   0
        10000   6.055236126494128E+02 1.00000000E+04 
        20000   4.684721297693374E+02 1.00000000E+04 
        30000   3.085750828062523E+02 1.00000000E+04 
          200  -1.038091598074068E-47 1.00000000E-25 
         1100  -2.276545672974010E-47 1.00000000E-25 
         2000  -4.874071952425587E-50 1.00000000E-25 
        40100   9.650949775436079E-45 1.00000000E-25 
        41000   8.545006562983912E-49 1.00000000E-25 
