anisole                                         Wed Mar Fri Sep 28 19:47:44 2018
   8   12    5    0     2.9374E-04     1.0000E+05     1.0000E+00 1.0000000000
a   1  1  0  50  0  1  1  1  1  -1   0
        10000   5.699556854992740E+02 1.00000000E+04 
        20000   4.717941040848550E+02 1.00000000E+04 
        30000   3.089527669364189E+02 1.00000000E+04 
          200  -5.980594436379188E-48 1.00000000E-25 
         1100  -2.461421590510980E-47 1.00000000E-25 
         2000  -3.154614905956776E-50 1.00000000E-25 
        40100   1.039987653047066E-44 1.00000000E-25 
        41000   5.227141023165071E-49 1.00000000E-25 
