anisole                                         Wed Mar Fri Sep 28 19:47:43 2018
   8   12    5    0     6.1457E-04     1.0000E+05     1.0000E+00 1.0000000000
a   1  1  0  50  0  1  1  1  1  -1   0
        10000   6.508766075261669E+02 1.00000000E+04 
        20000   4.865238715397962E+02 1.00000000E+04 
        30000   3.037552484581472E+02 1.00000000E+04 
          200  -9.532641347355395E-48 1.00000000E-25 
         1100  -2.451717587638254E-47 1.00000000E-25 
         2000  -4.238396697424881E-50 1.00000000E-25 
        40100   1.078044813536604E-44 1.00000000E-25 
        41000   7.625281464831524E-49 1.00000000E-25 
