anisole                                         Wed Mar Fri Sep 28 19:47:44 2018
   8   12    5    0     9.6303E-02     1.0000E+05     1.0000E+00 1.0000000000
a   1  1  0  50  0  1  1  1  1  -1   0
        10000   4.234595709998964E+03 1.00000000E+04 
        20000   3.401305366140149E+02 1.00000000E+04 
        30000   2.960156028637105E+02 1.00000000E+04 
          200   1.542734133679402E-45 1.00000000E-25 
         1100  -3.467835737134097E-46 1.00000000E-25 
         2000   3.554467743053225E-50 1.00000000E-25 
        40100  -7.995273703672272E-44 1.00000000E-25 
        41000   9.991794316888698E-48 1.00000000E-25 
