anisole                                         Wed Mar Fri Sep 28 19:47:44 2018
   8   12    5    0     0.0000E+00     1.0000E+05     1.0000E+00 1.0000000000
a   1  1  0  50  0  1  1  1  1  -1   0
        10000   5.130400999536031E+03 1.00000000E+04 
        20000   3.402271559901977E+02 1.00000000E+04 
        30000   3.009089958523570E+02 1.00000000E+04 
          200   0.000000000000000E+00 1.00000000E-25 
         1100  -2.945605086212555E-47 1.00000000E-25 
         2000   0.000000000000000E+00 1.00000000E-25 
        40100  -2.188698516220821E-44 1.00000000E-25 
        41000   0.000000000000000E+00 1.00000000E-25 
