anisole                                         Wed Mar Fri Sep 28 19:47:44 2018
   8   12    5    0     5.6114E-04     1.0000E+05     1.0000E+00 1.0000000000
a   1  1  0  50  0  1  1  1  1  -1   0
        10000   6.772638100887448E+02 1.00000000E+04 
        20000   4.732534012608720E+02 1.00000000E+04 
        30000   3.051394662905238E+02 1.00000000E+04 
          200   0.000000000000000E+00 1.00000000E-25 
         1100  -2.991551309847358E-47 1.00000000E-25 
         2000   0.000000000000000E+00 1.00000000E-25 
        40100   1.262969685182017E-44 1.00000000E-25 
        41000   0.000000000000000E+00 1.00000000E-25 
