anisole                                         Wed Mar Fri Sep 28 19:47:45 2018
   8   12    5    0     5.0411E-05     1.0000E+05     1.0000E+00 1.0000000000
a   1  1  0  50  0  1  1  1  1  -1   0
        10000   5.392058417695566E+02 1.00000000E+04 
        20000   5.195850002639634E+02 1.00000000E+04 
        30000   3.055378238802267E+02 1.00000000E+04 
          200  -1.262761310299071E-48 1.00000000E-25 
         1100  -3.366627167261946E-47 1.00000000E-25 
         2000  -8.249536572657251E-51 1.00000000E-25 
        40100   1.436214239924934E-44 1.00000000E-25 
        41000   1.228734949397677E-49 1.00000000E-25 
