anisole                                         Wed Mar Fri Sep 28 19:47:43 2018
   8   12    5    0     0.0000E+00     1.0000E+05     1.0000E+00 1.0000000000
a   1  1  0  50  0  1  1  1  1  -1   0
        10000   8.831795576752503E+02 1.00000000E+04 
        20000   3.725314833830400E+02 1.00000000E+04 
        30000   3.036621063256339E+02 1.00000000E+04 
          200   0.000000000000000E+00 1.00000000E-25 
         1100   1.473910212918699E-47 1.00000000E-25 
         2000   0.000000000000000E+00 1.00000000E-25 
        40100  -7.802718489005860E-45 1.00000000E-25 
        41000   0.000000000000000E+00 1.00000000E-25 
