anisole                                         Wed Mar Fri Sep 28 19:47:45 2018
   8   12    5    0     1.5421E-05     1.0000E+05     1.0000E+00 1.0000000000
a   1  1  0  50  0  1  1  1  1  -1   0
        10000   5.439813688210950E+02 1.00000000E+04 
        20000   4.187839575183567E+02 1.00000000E+04 
        30000   3.052692160519599E+02 1.00000000E+04 
          200   5.601356457051656E-49 1.00000000E-25 
         1100  -5.918328866278696E-47 1.00000000E-25 
         2000   1.016131040863419E-50 1.00000000E-25 
        40100   2.529299370059004E-44 1.00000000E-25 
        41000  -8.753174555910324E-50 1.00000000E-25 
