anisole                                         Wed Mar Fri Sep 28 19:47:44 2018
   8   12    5    0     1.4238E-04     1.0000E+05     1.0000E+00 1.0000000000
a   1  1  0  50  0  1  1  1  1  -1   0
        10000   4.919874858409059E+02 1.00000000E+04 
        20000   5.775820009711535E+02 1.00000000E+04 
        30000   2.963412245840301E+02 1.00000000E+04 
          200  -1.259097710778653E-46 1.00000000E-25 
         1100  -2.108769577273593E-47 1.00000000E-25 
         2000  -3.948530508054950E-49 1.00000000E-25 
        40100   1.040405634873704E-44 1.00000000E-25 
        41000   8.192152273517178E-48 1.00000000E-25 
