anisole                                         Wed Mar Fri Sep 28 19:47:44 2018
   8   12    5    0     1.2678E-04     1.0000E+05     1.0000E+00 1.0000000000
a   1  1  0  50  0  1  1  1  1  -1   0
        10000   4.811548907738946E+02 1.00000000E+04 
        20000   5.877373442569661E+02 1.00000000E+04 
        30000   2.951381792328935E+02 1.00000000E+04 
          200  -1.108068338172295E-47 1.00000000E-25 
         1100  -2.408571037612244E-47 1.00000000E-25 
         2000  -3.669640227868007E-50 1.00000000E-25 
        40100   1.909121110656104E-44 1.00000000E-25 
        41000   8.100234078851376E-49 1.00000000E-25 
