anisole                                         Wed Mar Fri Sep 28 19:47:44 2018
   8   12    5    0     2.7447E-06     1.0000E+05     1.0000E+00 1.0000000000
a   1  1  0  50  0  1  1  1  1  -1   0
        10000   4.807893731044458E+02 1.00000000E+04 
        20000   4.643865040784178E+02 1.00000000E+04 
        30000   3.095854817873360E+02 1.00000000E+04 
          200  -2.755798975189529E-46 1.00000000E-25 
         1100  -2.471374258180043E-47 1.00000000E-25 
         2000  -8.513743492309982E-49 1.00000000E-25 
        40100   7.972547656148390E-45 1.00000000E-25 
        41000   1.788658530497275E-47 1.00000000E-25 
