anisole                                         Wed Mar Fri Sep 28 19:47:44 2018
   8   12    5    0     0.0000E+00     1.0000E+05     1.0000E+00 1.0000000000
a   1  1  0  50  0  1  1  1  1  -1   0
        10000   4.186986243916714E+03 1.00000000E+04 
        20000   3.259813578894944E+02 1.00000000E+04 
        30000   2.904571716238838E+02 1.00000000E+04 
          200  -8.713190144572958E-46 1.00000000E-25 
         1100  -3.200384724343166E-46 1.00000000E-25 
         2000  -1.687356141047711E-49 1.00000000E-25 
        40100  -1.480429860794745E-43 1.00000000E-25 
        41000  -1.459699750382525E-47 1.00000000E-25 
