anisole                                         Wed Mar Fri Sep 28 19:47:44 2018
   8   12    5    0     4.3695E-05     1.0000E+05     1.0000E+00 1.0000000000
a   1  1  0  50  0  1  1  1  1  -1   0
        10000   5.247991459129262E+02 1.00000000E+04 
        20000   5.073140003642093E+02 1.00000000E+04 
        30000   3.083265598501776E+02 1.00000000E+04 
          200  -1.070457645512536E-48 1.00000000E-25 
         1100  -3.285353137350674E-47 1.00000000E-25 
         2000  -7.308814583715437E-51 1.00000000E-25 
        40100   1.395486214377490E-44 1.00000000E-25 
        41000   1.064558839372504E-49 1.00000000E-25 
