anisole                                         Wed Mar Fri Sep 28 19:47:44 2018
   8   12    5    0     2.0978E-02     1.0000E+05     1.0000E+00 1.0000000000
a   1  1  0  50  0  1  1  1  1  -1   0
        10000   9.582883980965939E+02 1.00000000E+04 
        20000   2.970903682769201E+02 1.00000000E+04 
        30000   3.128260284282034E+02 1.00000000E+04 
          200  -5.528845833340394E-47 1.00000000E-25 
         1100  -2.176111339474931E-47 1.00000000E-25 
         2000  -4.471545772901180E-51 1.00000000E-25 
        40100  -3.304314902555068E-44 1.00000000E-25 
        41000  -6.396865854546607E-49 1.00000000E-25 
