anisole                                         Wed Mar Fri Sep 28 19:47:43 2018
   8   12    5    0     4.6509E-02     1.0000E+05     1.0000E+00 1.0000000000
a   1  1  0  50  0  1  1  1  1  -1   0
        10000   1.202362606827092E+03 1.00000000E+04 
        20000   3.217718825181169E+02 1.00000000E+04 
        30000   3.201911761580837E+02 1.00000000E+04 
          200   0.000000000000000E+00 1.00000000E-25 
         1100   2.440445216313361E-47 1.00000000E-25 
         2000   0.000000000000000E+00 1.00000000E-25 
        40100   3.432191956796945E-45 1.00000000E-25 
        41000   0.000000000000000E+00 1.00000000E-25 
