anisole                                         Wed Mar Fri Sep 28 19:47:43 2018
   8   12    5    0     1.5442E-03     1.0000E+05     1.0000E+00 1.0000000000
a   1  1  0  50  0  1  1  1  1  -1   0
        10000   6.543146055595960E+02 1.00000000E+04 
        20000   4.548037530667855E+02 1.00000000E+04 
        30000   3.088032381187843E+02 1.00000000E+04 
          200  -2.158066073137924E-47 1.00000000E-25 
         1100  -1.889661368884087E-47 1.00000000E-25 
         2000  -8.565416254194459E-50 1.00000000E-25 
        40100   7.927624757614297E-45 1.00000000E-25 
        41000   1.623731670982873E-48 1.00000000E-25 
