anisole                                         Wed Mar Fri Sep 28 19:47:44 2018
   8   12    5    0     7.9860E-04     1.0000E+05     1.0000E+00 1.0000000000
a   1  1  0  50  0  1  1  1  1  -1   0
        10000   5.908028851157077E+02 1.00000000E+04 
        20000   4.513670842854074E+02 1.00000000E+04 
        30000   3.099546708693658E+02 1.00000000E+04 
          200  -1.431459710265781E-47 1.00000000E-25 
         1100  -2.042233223784094E-47 1.00000000E-25 
         2000  -6.666400619104632E-50 1.00000000E-25 
        40100   8.385278159944336E-45 1.00000000E-25 
        41000   1.173289456723391E-48 1.00000000E-25 
