anisole                                         Wed Mar Fri Sep 28 19:47:43 2018
   8   12    5    0     9.1916E-06     1.0000E+05     1.0000E+00 1.0000000000
a   1  1  0  50  0  1  1  1  1  -1   0
        10000   4.916331494423497E+02 1.00000000E+04 
        20000   5.751462722988550E+02 1.00000000E+04 
        30000   3.028129379033097E+02 1.00000000E+04 
          200  -2.670044442555754E-49 1.00000000E-25 
         1100  -4.518506675284242E-47 1.00000000E-25 
         2000  -2.393405176004298E-51 1.00000000E-25 
        40100   1.917655372500237E-44 1.00000000E-25 
        41000   3.029773562530524E-50 1.00000000E-25 
