anisole                                         Wed Mar Fri Sep 28 19:47:42 2018
   8   12    5    0     2.5526E-04     1.0000E+05     1.0000E+00 1.0000000000
a   1  1  0  50  0  1  1  1  1  -1   0
        10000   5.774932030467022E+02 1.00000000E+04 
        20000   3.967451644811192E+02 1.00000000E+04 
        30000   3.152405805958776E+02 1.00000000E+04 
          200  -2.249546327630431E-45 1.00000000E-25 
         1100  -9.521154822732563E-47 1.00000000E-25 
         2000  -6.644308552265581E-48 1.00000000E-25 
        40100   3.620598036663168E-45 1.00000000E-25 
        41000   1.418326984690638E-46 1.00000000E-25 
